YY MM DD hh WD   WSPD GST  WVHT  DPD   APD  MWD  BAR    ATMP  WTMP  DEWP  VIS
96 01 01 00 999 99.0 99.0 99.00 99.00 99.00 999 9999.0 999.0 999.0 999.0 99.0
96 01 01 01 100 10.1 12.3  2.63  9.09  5.94 999 1012.4  27.6  27.6 999.0 99.0
96 01 01 02 101  9.4 11.4  2.76  8.33  6.18 999 1012.9  27.5  27.6 999.0 99.0
96 01 01 03 102  9.3 11.4  2.83  9.09  6.22 999 1013.5  27.6  27.6 999.0 99.0
96 01 01 04  99  9.3 10.9  2.58  9.09  6.09 999 1013.3  27.4  27.6 999.0 99.0
96 01 01 05 101  9.5 11.7  2.37  8.33  5.65 999 1012.8  27.4  27.6 999.0 99.0
96 01 01 06  96  9.7 11.1  2.55  9.09  6.00 999 1012.3  27.4  27.6 999.0 99.0
96 01 01 07 999 99.0 99.0 99.00 99.00 99.00 999 9999.0 999.0 999.0 999.0 99.0
96 01 01 08 102  9.8 11.7  2.44  7.69  5.71 999 1011.2  27.3  27.6 999.0 99.0
96 01 01 09 101  9.8 11.7  2.46  9.09  5.93 999 1011.2  26.9  27.6 999.0 99.0
96 01 01 10 104  9.2 10.9  2.34  8.33  5.78 999 1011.9  27.4  27.6 999.0 99.0
96 01 01 11 105 10.3 12.3  2.27  7.69  5.61 999 1011.9  27.4  27.6 999.0 99.0
96 01 01 12 104  9.8 11.9  2.21  8.33  5.51 999 1012.4  27.4  27.6 999.0 99.0
96 01 01 13 106  9.8 11.7  2.36  7.69  5.75 999 1013.3  27.4  27.6 999.0 99.0
96 01 01 14 102  9.8 11.4  2.17  8.33  5.52 999 1014.1  27.4  27.6 999.0 99.0
96 01 01 15 105  8.9 10.8  2.27  7.69  5.49 999 1014.2  27.6  27.6 999.0 99.0
96 01 01 16 999 99.0 99.0 99.00 99.00 99.00 999 9999.0 999.0 999.0 999.0 99.0
96 01 01 17 999 99.0 99.0 99.00 99.00 99.00 999 9999.0 999.0 999.0 999.0 99.0
96 01 01 18 999 99.0 99.0 99.00 99.00 99.00 999 9999.0 999.0 999.0 999.0 99.0
96 01 01 19 103  9.5 11.4  2.01  5.88  5.25 999 1010.6  27.4  27.6 999.0 99.0
96 01 01 20 113  9.9 11.8  2.08  6.67  5.26 999 1009.7  27.6  27.6 999.0 99.0
96 01 01 21 106  9.2 10.6  2.19  7.69  5.35 999 1009.0  27.6  27.6 999.0 99.0
96 01 01 22 108  9.2 11.1  2.12  7.14  5.28 999 1009.2  27.4  27.6 999.0 99.0
96 01 01 23 110  9.9 11.8  2.00  7.14  5.18 999 1009.2  27.4  27.6 999.0 99.0
96 01 02 00 108  9.8 11.4  2.02  7.69  5.17 999 1009.6  27.4  27.6 999.0 99.0
96 01 02 01 116 10.7 13.2  2.20  7.14  5.27 999 1010.2  27.4  27.6 999.0 99.0
96 01 02 02 119 10.4 12.9  2.22  7.14  5.36 999 1010.5  27.4  27.6 999.0 99.0
96 01 02 03 116  9.8 11.9  2.21  6.67  5.36 999 1011.0  27.4  27.6 999.0 99.0
96 01 02 04 118  9.1 11.3  2.16  7.69  5.24 999 1010.7  27.6  27.6 999.0 99.0
96 01 02 05 115  9.3 11.0  2.03  6.25  5.19 999 1010.4  27.4  27.6 999.0 99.0
96 01 02 06 112  9.2 11.0  2.19  6.67  5.35 999 1010.3  27.4  27.6 999.0 99.0
96 01 02 07 114  9.8 11.6  2.00  6.67  5.22 999 1009.7  27.3  27.6 999.0 99.0
96 01 02 08 114  9.7 12.0  2.15  6.25  5.35 999 1009.2  27.3  27.6 999.0 99.0
96 01 02 09 117  8.9 11.2  2.21  7.69  5.40 999 1009.6  27.3  27.6 999.0 99.0
96 01 02 10 121  9.4 11.7  2.04  7.14  5.27 999 1010.3  27.4  27.6 999.0 99.0
96 01 02 11 119  8.7 10.4  1.97  8.33  5.23 999 1011.0  27.4  27.6 999.0 99.0
96 01 02 12 122  9.3 11.2  1.94  7.69  5.24 999 1011.5  27.4  27.6 999.0 99.0
96 01 02 13 124  8.3  9.9  1.91  7.69  5.50 999 1012.7  27.6  27.6 999.0 99.0
96 01 02 14 124  8.7 10.6  1.88  7.69  5.26 999 1013.5  27.7  27.6 999.0 99.0
96 01 02 15 123  9.0 10.3  1.96  7.69  5.38 999 1013.6  27.7  27.6 999.0 99.0
96 01 02 16 127  8.0  9.5  1.79  7.69  5.08 999 1013.5  27.7  27.6 999.0 99.0
96 01 02 17 125  7.8  9.6  1.84  7.14  5.31 999 1012.8  27.7  27.6 999.0 99.0
96 01 02 18 126  8.6  9.9  1.77  7.14  4.98 999 1012.0  27.7  27.6 999.0 99.0
96 01 02 19 113  8.5 10.1  1.96  7.69  5.32 999 1011.1  27.6  27.6 999.0 99.0
96 01 02 20 120  8.3 10.3  2.04  6.67  5.43 999 1010.4  27.6  27.6 999.0 99.0
96 01 02 21 116  9.1 10.7  1.98  7.69  5.34 999 1010.3  27.7  27.6 999.0 99.0
96 01 02 22 116  8.2  9.6  2.00  7.69  5.49 999 1011.1  27.7  27.6 999.0 99.0
96 01 02 23 116  9.0 10.8  1.92  7.69  5.21 999 1010.7  27.6  27.6 999.0 99.0
96 01 03 00 122 10.0 12.0  1.96  7.69  5.30 999 1010.7  27.6  27.6 999.0 99.0
96 01 03 01 121 10.4 12.7  1.96  8.33  5.24 999 1010.9  27.6  27.6 999.0 99.0
96 01 03 02 117  9.8 12.1  1.98  7.69  5.16 999 1011.6  27.6  27.6 999.0 99.0
96 01 03 03 119  9.3 11.7  2.13  6.25  5.38 999 1011.9  27.6  27.6 999.0 99.0
96 01 03 04 119  9.0 10.5  2.08  7.14  5.29 999 1011.9  27.5  27.6 999.0 99.0
96 01 03 05 117  8.8 10.8  2.14  7.69  5.40 999 1011.3  27.4  27.6 999.0 99.0
96 01 03 06 115  8.5 10.1  1.99  7.69  5.33 999 1011.1  27.4  27.6 999.0 99.0
96 01 03 07 117  8.2  9.8  2.06  7.69  5.41 999 1010.6  27.4  27.6 999.0 99.0
96 01 03 08 117  7.8  9.5  2.08  7.14  5.54 999 1010.4  27.4  27.6 999.0 99.0
96 01 03 09 130  7.6  9.0  2.01  7.69  5.39 999 1010.4  27.3  27.6 999.0 99.0
96 01 03 10 123  8.3 10.4  1.97  7.14  5.22 999 1011.1  27.4  27.6 999.0 99.0
96 01 03 11 129  7.8  9.2  1.84  7.14  5.22 999 1011.8  27.3  27.6 999.0 99.0
96 01 03 12 122  6.8  8.5  1.84  7.69  5.39 999 1012.6  27.3  27.6 999.0 99.0
96 01 03 13 120  7.9  9.4  1.81  7.69  5.48 999 1013.2  27.4  27.6 999.0 99.0
96 01 03 14 123  7.6  9.0  1.72  7.69  5.27 999 1014.0  27.7  27.6 999.0 99.0
96 01 03 15 112  7.9  9.3  1.90  7.69  5.50 999 1014.1  27.6  27.6 999.0 99.0
96 01 03 16 118  8.4 10.2  1.74  7.69  5.20 999 1014.0  27.6  27.6 999.0 99.0
96 01 03 17 116  8.1  9.7  1.88  7.69  5.35 999 1013.4  27.7  27.6 999.0 99.0
96 01 03 18 115  8.3  9.9  1.84  7.14  5.30 999 1012.8  27.6  27.6 999.0 99.0
96 01 03 19 118  7.6  9.4  1.96  7.14  5.39 999 1012.0  27.6  27.6 999.0 99.0
96 01 03 20 116  8.1  9.6  1.86  7.14  5.25 999 1011.7  27.6  27.6 999.0 99.0
96 01 03 21 112  8.7 10.1  2.01  7.14  5.51 999 1011.3  27.4  27.6 999.0 99.0
96 01 03 22 114  9.1 11.2  1.80  7.14  5.13 999 1011.8  27.4  27.6 999.0 99.0
96 01 03 23 106  8.9 10.4  1.88  6.67  5.18 999 1012.0  27.4  27.6 999.0 99.0
96 01 04 00 109  8.8 10.4  2.01  7.14  5.48 999 1012.7  27.3  27.6 999.0 99.0
96 01 04 01 104  9.3 11.1  1.83  7.14  5.15 999 1012.8  27.4  27.5 999.0 99.0
96 01 04 02 102  9.1 10.9  1.75  7.69  5.08 999 1013.5  27.4  27.5 999.0 99.0
96 01 04 03 107  8.8 10.6  1.87  7.14  5.30 999 1014.0  27.4  27.4 999.0 99.0
96 01 04 04 104  8.1  9.4  1.79  7.14  5.10 999 1014.3  27.4  27.4 999.0 99.0
96 01 04 05 104  8.0  9.3  1.74  7.14  5.29 999 1014.1  27.0  27.4 999.0 99.0
96 01 04 06 104  7.9  9.3  1.65  7.69  5.18 999 1014.1  27.4  27.4 999.0 99.0
96 01 04 07 103  8.0  9.9  1.58  7.14  5.05 999 1013.5  27.3  27.4 999.0 99.0
96 01 04 08 100  7.9  9.2  1.68  7.14  5.30 999 1013.2  26.9  27.4 999.0 99.0
96 01 04 09 100  9.4 10.9  1.65  7.69  5.25 999 1013.0  27.3  27.4 999.0 99.0
96 01 04 10 103  9.3 10.9  1.80  7.14  5.31 999 1013.7  27.2  27.4 999.0 99.0
96 01 04 11 103  8.8 10.5  1.69  7.14  5.25 999 1014.2  26.9  27.4 999.0 99.0
96 01 04 12 102  8.9 10.2  1.65  7.14  5.11 999 1015.0  27.3  27.4 999.0 99.0
96 01 04 13 101  9.0 10.3  1.66  7.14  5.19 999 1015.9  27.4  26.9 999.0 99.0
96 01 04 14 100  8.7 10.7  1.85  7.14  5.26 999 1016.6  27.4  26.9 999.0 99.0
96 01 04 15 106  9.1 11.3  1.84  7.14  5.16 999 1016.3  27.4  26.9 999.0 99.0
96 01 04 16 108  9.1 11.0  1.84  5.88  5.05 999 1015.7  27.6  26.9 999.0 99.0
96 01 04 17 118  9.6 11.6  2.11  6.67  5.12 999 1015.1  27.6  27.3 999.0 99.0
96 01 04 18 112  9.5 11.4  2.06  5.88  5.17 999 1014.3  27.6  27.3 999.0 99.0
96 01 04 19 109  8.7 10.3  2.12  7.14  5.12 999 1013.6  27.4  27.4 999.0 99.0
96 01 04 20 106  9.2 10.9  2.14  7.14  5.32 999 1012.8  27.6  27.4 999.0 99.0
96 01 04 21 109  9.3 10.9  2.10  5.88  5.18 999 1012.8  27.5  27.4 999.0 99.0
96 01 04 22 110  8.7 10.2  1.92  7.14  5.21 999 1013.2  27.6  27.4 999.0 99.0
96 01 04 23 110  8.6 10.1  2.04  6.67  5.19 999 1013.5  27.4  27.4 999.0 99.0
96 01 05 00 107  7.9  9.6  1.90  6.67  4.96 999 1013.6  27.4  27.4 999.0 99.0
96 01 05 01 105  8.9 10.2  1.88  7.14  5.00 999 1014.3  27.4  27.4 999.0 99.0
96 01 05 02 102  9.4 12.1  1.86  7.14  4.94 999 1014.7  27.4  27.4 999.0 99.0
96 01 05 03 105  8.9 10.7  1.97  6.67  5.10 999 1015.0  27.4  27.4 999.0 99.0
96 01 05 04 102  8.1  9.7  1.76  5.88  4.89 999 1015.1  27.4  27.4 999.0 99.0
96 01 05 05 101  8.0 10.1  1.92  7.14  5.08 999 1014.8  26.9  27.4 999.0 99.0
96 01 05 06 102  8.8 10.8  1.92  7.14  5.05 999 1014.3  27.4  27.4 999.0 99.0
96 01 05 07 100  8.3 10.0  1.98  6.67  5.14 999 1014.1  27.3  27.4 999.0 99.0
96 01 05 08  97  8.9 10.7  1.92  6.67  5.16 999 1013.7  27.3  27.4 999.0 99.0
96 01 05 09  97  9.0 10.9  1.81  7.14  5.06 999 1013.6  27.1  27.4 999.0 99.0
96 01 05 10  95  9.4 11.0  1.88  7.14  5.10 999 1013.7  27.3  27.4 999.0 99.0
96 01 05 11 100  8.6 10.1  2.04  6.25  5.28 999 1014.2  26.9  27.4 999.0 99.0
96 01 05 12  94  8.6 10.3  1.91  7.14  5.20 999 1014.4  26.9  27.4 999.0 99.0
96 01 05 13  85  9.2 10.7  1.81  7.14  5.06 999 1015.7  27.0  27.4 999.0 99.0
96 01 05 14  88  8.1  9.9  1.75  7.14  5.14 999 1016.6  26.9  27.4 999.0 99.0
96 01 05 15  78  7.9  9.8  1.64  7.14  5.19 999 1016.7  26.9  27.4 999.0 99.0
96 01 05 16  83  8.7 10.5  1.62  7.14  5.00 999 1016.5  27.4  27.4 999.0 99.0
96 01 05 17  81  9.9 12.7  1.74  7.14  5.03 999 1015.7  27.0  27.4 999.0 99.0
96 01 05 18  80  9.3 11.1  1.88  7.14  5.14 999 1015.0  26.7  27.4 999.0 99.0
96 01 05 19  75  9.1 11.1  1.84  7.14  5.03 999 1014.0  26.8  27.4 999.0 99.0
96 01 05 20  88  8.7 10.4  1.97  5.88  5.18 999 1013.3  27.3  27.4 999.0 99.0
96 01 05 21  92  8.3  9.8  1.84  7.14  5.24 999 1012.9  27.4  27.4 999.0 99.0
96 01 05 22  85  8.1  9.6  1.68  7.14  5.11 999 1013.0  27.4  27.4 999.0 99.0
96 01 05 23  97  9.1 11.1  1.77  6.67  5.01 999 1013.0  27.4  27.4 999.0 99.0
96 01 06 00  97  9.9 12.7  1.68  6.67  5.04 999 1013.1  27.4  27.4 999.0 99.0
96 01 06 01  95  9.4 11.4  1.79  6.67  4.78 999 1013.7  27.4  27.4 999.0 99.0
96 01 06 02  98 10.0 11.6  1.79  5.88  4.81 999 1014.3  27.4  27.4 999.0 99.0
96 01 06 03  96 10.2 12.1  1.85  6.25  4.94 999 1014.6  27.4  27.4 999.0 99.0
96 01 06 04  93 10.6 12.6  2.03  6.67  4.95 999 1014.5  27.4  27.4 999.0 99.0
96 01 06 05  93 10.2 12.2  2.32  6.67  5.23 999 1014.3  27.4  27.4 999.0 99.0
96 01 06 06  91  9.2 11.4  2.19  7.14  5.24 999 1014.1  27.3  27.4 999.0 99.0
96 01 06 07 101  9.3 11.3  2.18  6.67  5.38 999 1013.4  27.4  27.4 999.0 99.0
96 01 06 08  97 10.0 11.8  2.13  6.67  5.33 999 1012.7  27.7  27.4 999.0 99.0
96 01 06 09  89  9.2 11.1  2.02  7.14  5.29 999 1012.9  27.1  27.4 999.0 99.0
96 01 06 10  91  9.5 11.4  2.19  7.14  5.52 999 1013.5  26.9  27.4 999.0 99.0
96 01 06 11  85  9.5 11.2  2.04  7.14  5.42 999 1013.5  27.1  27.4 999.0 99.0
96 01 06 12  89  9.5 11.3  1.90  7.14  5.17 999 1013.8  26.9  27.4 999.0 99.0
96 01 06 13  93  9.3 11.3  2.12  7.14  5.45 999 1014.3  27.1  27.4 999.0 99.0
96 01 06 14  96  9.5 11.2  2.19  7.14  5.44 999 1014.7  27.3  27.4 999.0 99.0
96 01 06 15  97  9.2 10.8  2.00  7.14  5.30 999 1014.7  27.4  27.4 999.0 99.0
96 01 06 16 102  9.4 11.4  2.14  7.69  5.39 999 1014.4  27.4  27.4 999.0 99.0
96 01 06 17  99  8.8 10.7  2.15  7.14  5.47 999 1014.2  27.4  27.4 999.0 99.0
96 01 06 18 102  9.3 11.2  2.10  7.14  5.33 999 1012.8  27.4  27.4 999.0 99.0
96 01 06 19 102  9.6 11.5  2.23  7.14  5.36 999 1011.4  27.4  27.4 999.0 99.0
96 01 06 20  98  9.9 11.6  2.02  6.67  5.24 999 1011.0  27.4  27.4 999.0 99.0
96 01 06 21  94  9.0 11.2  2.09  7.14  5.33 999 1010.8  27.6  27.4 999.0 99.0
96 01 06 22  95  9.3 11.7  2.15  7.14  5.41 999 1010.9  27.5  27.4 999.0 99.0
96 01 06 23  98  9.1 11.0  2.07  7.69  5.40 999 1011.1  27.4  27.4 999.0 99.0
96 01 07 00 102  9.5 11.6  2.14  7.14  5.32 999 1011.3  27.4  27.4 999.0 99.0
96 01 07 01 100 10.3 12.2  1.97  7.69  5.09 999 1011.7  27.4  27.4 999.0 99.0
96 01 07 02 106  9.9 11.7  2.18  7.14  5.35 999 1012.1  27.4  27.4 999.0 99.0
96 01 07 03  96  9.7 11.6  2.09  7.14  5.22 999 1012.3  27.4  27.4 999.0 99.0
96 01 07 04  92  9.2 11.5  2.03  7.69  5.23 999 1012.5  27.3  27.4 999.0 99.0
96 01 07 05  98  9.9 12.0  2.12  6.67  5.25 999 1012.1  27.3  27.4 999.0 99.0
96 01 07 06 103  9.5 11.3  2.12  7.14  5.33 999 1011.9  26.9  27.4 999.0 99.0
96 01 07 07 100  9.1 11.3  1.97  7.69  5.23 999 1011.3  26.9  27.4 999.0 99.0
96 01 07 08 108  8.4 10.4  2.02  7.14  5.37 999 1011.1  26.9  27.4 999.0 99.0
96 01 07 09 102  8.8 10.2  2.03  7.14  5.34 999 1010.9  26.9  27.4 999.0 99.0
96 01 07 10 107  8.6 10.6  1.96  7.14  5.17 999 1011.1  27.3  27.4 999.0 99.0
96 01 07 11 107  8.1 10.0  2.01  7.14  5.43 999 1011.3  27.3  27.4 999.0 99.0
96 01 07 12 110  9.3 11.4  2.00  7.14  5.18 999 1011.8  27.3  27.4 999.0 99.0
96 01 07 13 113  9.3 10.8  2.04  6.67  5.25 999 1012.6  27.4  27.4 999.0 99.0
96 01 07 14 115  9.9 11.6  2.03  6.67  5.21 999 1013.0  27.6  27.4 999.0 99.0
96 01 07 15 115  9.1 11.0  1.93  7.14  5.00 999 1013.4  27.6  27.4 999.0 99.0
96 01 07 16 112  9.1 11.4  2.12  7.14  5.35 999 1013.3  27.6  27.4 999.0 99.0
96 01 07 17 107  8.5 10.4  1.94  6.67  5.21 999 1012.8  27.6  27.4 999.0 99.0
96 01 07 18 106  8.7 10.8  1.86  6.67  4.91 999 1012.0  27.4  27.4 999.0 99.0
96 01 07 19 107  8.4 10.2  1.96  7.14  5.23 999 1011.3  27.6  27.6 999.0 99.0
96 01 07 20 102  7.3 10.0  2.01  7.14  5.34 999 1011.1  27.6  27.5 999.0 99.0
96 01 07 21  99  8.4  9.9  2.04  7.14  5.54 999 1010.7  27.4  27.5 999.0 99.0
96 01 07 22  96  8.2 10.6  1.97  7.14  5.31 999 1011.0  27.4  27.6 999.0 99.0
96 01 07 23  99  7.4  9.3  1.94  6.67  5.36 999 1011.3  27.4  27.6 999.0 99.0
96 01 08 00  95  7.9  9.6  2.00  7.14  5.34 999 1011.9  27.4  27.6 999.0 99.0
96 01 08 01  98  7.1  8.4  2.01  7.14  5.47 999 1012.7  27.4  27.6 999.0 99.0
96 01 08 02  99  7.2  8.6  1.93  7.14  5.48 999 1013.2  27.4  27.6 999.0 99.0
96 01 08 03  89  8.0  9.5  1.91  7.14  5.44 999 1013.4  27.4  27.5 999.0 99.0
96 01 08 04  99  8.5 10.0  2.06  7.14  5.68 999 1012.8  27.3  27.4 999.0 99.0
96 01 08 05  98  8.9 10.5  1.90  7.69  5.47 999 1012.1  27.4  27.4 999.0 99.0
96 01 08 06  95  8.1 10.0  1.93  7.14  5.50 999 1011.9  27.3  27.4 999.0 99.0
96 01 08 07  96  7.9  9.7  1.94  7.69  5.48 999 1011.4  27.0  27.4 999.0 99.0
96 01 08 08  97  8.0  9.5  1.88  7.14  5.57 999 1011.1  27.1  27.4 999.0 99.0
96 01 08 09  98  8.9 10.7  1.81  7.14  5.28 999 1011.1  27.0  27.4 999.0 99.0
96 01 08 10  97  7.4  9.4  1.93  7.69  5.52 999 1011.9  27.1  27.5 999.0 99.0
96 01 08 11  91  6.9  8.1  1.83  7.14  5.38 999 1012.6  26.9  27.5 999.0 99.0
96 01 08 12 104  7.1  8.6  1.81  7.14  5.39 999 1013.0  27.3  27.4 999.0 99.0
96 01 08 13 111  6.9  8.3  1.62  7.14  5.31 999 1014.1  27.4  27.5 999.0 99.0
96 01 08 14 101  6.0  7.3  1.79  7.14  5.51 999 1015.1  27.6  27.5 999.0 99.0
96 01 08 15 103  6.2  8.3  1.77  6.67  5.43 999 1015.3  27.6  27.6 999.0 99.0
96 01 08 16  97  5.8  6.9  1.73  8.33  5.43 999 1015.4  27.6  27.6 999.0 99.0
96 01 08 17  96  6.3  7.6  1.55  7.69  5.23 999 1015.0  27.5  27.6 999.0 99.0
96 01 08 18  99  6.6  7.6  1.64  7.69  5.42 999 1013.6  27.4  27.6 999.0 99.0
96 01 08 19 104  6.8  8.0  1.52  7.14  5.24 999 1012.7  27.4  27.6 999.0 99.0
96 01 08 20  96  6.4  7.4  1.52  7.69  5.24 999 1012.1  27.4  27.6 999.0 99.0
96 01 08 21  91  5.6  6.8  1.73  7.69  5.60 999 1012.1  27.5  27.6 999.0 99.0
96 01 08 22  83  4.8  5.8  1.58  7.69  5.48 999 1012.8  27.4  27.6 999.0 99.0
96 01 08 23  84  4.8  5.8  1.51  7.14  5.42 999 1013.4  27.4  27.5 999.0 99.0
96 01 09 00  83  5.0  6.0  1.47  7.14  5.35 999 1013.6  27.4  27.4 999.0 99.0
96 01 09 01  75  5.4  6.4  1.36  7.14  5.23 999 1014.2  27.3  27.4 999.0 99.0
96 01 09 02  79  5.7  6.8  1.40  7.69  5.31 999 1014.8  27.3  27.4 999.0 99.0
96 01 09 03  85  5.4  6.5  1.35  7.14  5.17 999 1015.0  27.0  27.4 999.0 99.0
96 01 09 04  67  5.3  6.6  1.30  7.69  5.16 999 1014.9  26.9  27.4 999.0 99.0
96 01 09 05  76  5.7  6.6  1.16  6.67  5.07 999 1014.4  26.9  27.4 999.0 99.0
96 01 09 06  80  5.4  6.2  1.31  6.67  5.33 999 1014.2  26.9  27.4 999.0 99.0
96 01 09 07  73  5.4  6.5  1.18  8.33  5.12 999 1013.6  26.8  27.4 999.0 99.0
96 01 09 08  62  6.2  7.3  1.26  7.69  5.15 999 1013.0  26.8  27.4 999.0 99.0
96 01 09 09  62  6.0  7.2  1.26  7.14  5.09 999 1013.0  26.8  27.4 999.0 99.0
96 01 09 10  80  5.9  7.3  1.24  6.67  5.02 999 1013.5  26.8  27.4 999.0 99.0
96 01 09 11  85  6.2  7.7  1.16  7.69  4.89 999 1014.2  26.8  27.4 999.0 99.0
96 01 09 12  76  5.2  6.1  1.17  7.69  5.11 999 1014.5  26.8  27.4 999.0 99.0
96 01 09 13  72  6.7  8.4  1.18  7.69  5.09 999 1015.3  26.9  27.4 999.0 99.0
96 01 09 14  81  6.6  8.0  1.20  7.14  4.92 999 1015.9  27.4  27.6 999.0 99.0
96 01 09 15  80  6.2  7.3  1.24  7.69  4.85 999 1016.5  27.4  27.6 999.0 99.0
96 01 09 16  88  7.0  8.2  1.22  6.67  4.94 999 1016.0  27.4  27.6 999.0 99.0
96 01 09 17  79  6.6  7.9  1.17  7.69  4.72 999 1015.6  27.4  27.6 999.0 99.0
96 01 09 18  76  6.3  7.2  1.15  7.69  4.78 999 1014.4  27.4  27.6 999.0 99.0
96 01 09 19  71  6.2  7.7  1.37  7.14  5.20 999 1013.6  27.4  27.6 999.0 99.0
96 01 09 20  68  7.2  8.3  1.52  6.67  5.44 999 1012.9  27.4  27.6 999.0 99.0
96 01 09 21  72  6.9  8.2  1.66 11.11  5.64 999 1012.8  27.4  27.6 999.0 99.0
96 01 09 22  67  6.8  7.7  2.08  7.14  6.03 999 1013.2  27.4  27.6 999.0 99.0
96 01 09 23  68  7.0  8.2  2.13  7.69  6.15 999 1013.5  27.4  27.6 999.0 99.0
96 01 10 00  67  7.8  9.3  2.04  7.14  6.05 999 1013.6  27.4  27.6 999.0 99.0
96 01 10 01  72  6.9  8.4  2.05  7.69  5.85 999 1014.3  27.4  27.6 999.0 99.0
96 01 10 02  69  7.8  9.0  2.03  7.69  5.88 999 1014.7  27.4  27.6 999.0 99.0
96 01 10 03  73  7.5  9.0  2.05  8.33  5.78 999 1014.6  27.4  27.6 999.0 99.0
96 01 10 04  74  8.1  9.6  2.02  7.69  5.77 999 1014.2  27.3  27.6 999.0 99.0
96 01 10 05  79  8.2  9.7  2.03  7.69  5.77 999 1013.9  27.3  27.6 999.0 99.0
96 01 10 06  76  7.7  9.0  1.90  7.69  5.60 999 1013.7  27.3  27.6 999.0 99.0
96 01 10 07  81  7.9  9.5  2.03  7.14  5.63 999 1013.0  27.1  27.6 999.0 99.0
96 01 10 08  84  8.7 10.1  1.91  7.14  5.40 999 1012.7  27.2  27.6 999.0 99.0
96 01 10 09  84  8.1  9.7  1.73  7.69  5.28 999 1012.8  27.3  27.6 999.0 99.0
96 01 10 10  93  8.6 10.6  1.76  9.09  5.47 999 1012.9  26.9  27.6 999.0 99.0
96 01 10 11  98  9.2 10.7  1.89 10.00  5.41 999 1013.4  27.3  27.6 999.0 99.0
96 01 10 12  96  8.6 11.2  1.88  5.88  5.34 999 1013.9  27.4  27.6 999.0 99.0
96 01 10 13 107  9.0 11.3  2.00  5.88  5.36 999 1014.4  27.6  27.6 999.0 99.0
96 01 10 14 105  9.6 11.6  2.01  6.25  5.39 999 1015.0  27.4  27.6 999.0 99.0
96 01 10 15 107  9.2 11.5  2.00  6.67  5.43 999 1015.1  27.6  27.6 999.0 99.0
96 01 10 16 101  8.9 10.5  2.13  6.67  5.49 999 1014.9  27.4  27.6 999.0 99.0
96 01 10 17 105  8.8 11.0  2.05  6.25  5.33 999 1014.4  27.5  27.6 999.0 99.0
96 01 10 18 101  8.6 10.4  2.19  6.67  5.46 999 1013.6  27.4  27.6 999.0 99.0
96 01 10 19 100  8.8 10.3  2.06  7.14  5.27 999 1012.6  27.4  27.6 999.0 99.0
96 01 10 20  98  9.5 11.1  2.13  6.67  5.44 999 1012.1  27.2  27.6 999.0 99.0
96 01 10 21  96  9.5 11.5  2.15  7.69  5.48 999 1011.7  27.4  27.6 999.0 99.0
96 01 10 22  91  8.9 11.4  2.43  7.69  5.62 999 1011.9  27.4  27.6 999.0 99.0
96 01 10 23  93  9.5 12.0  2.52  7.14  5.71 999 1012.1  27.4  27.6 999.0 99.0
96 01 11 00  93  9.0 11.0  2.48  8.33  5.97 999 1012.5  27.4  27.6 999.0 99.0
96 01 11 01  96  9.1 11.5  2.63  8.33  5.96 999 1013.1  27.4  27.6 999.0 99.0
96 01 11 02  99  8.5 10.4  2.74  8.33  6.08 999 1013.7  27.4  27.6 999.0 99.0
96 01 11 03 100  9.0 11.1  2.54  8.33  6.11 999 1013.8  27.4  27.6 999.0 99.0
96 01 11 04  94  8.6 11.4  2.48  8.33  5.93 999 1014.1  27.4  27.6 999.0 99.0
96 01 11 05  93  8.7 10.6  2.32  8.33  5.95 999 1013.7  27.3  27.6 999.0 99.0
96 01 11 06  95  9.1 10.6  2.25  8.33  5.76 999 1013.4  27.3  27.6 999.0 99.0
96 01 11 07 105  8.6 10.9  2.21  8.33  5.62 999 1012.7  27.4  27.6 999.0 99.0
96 01 11 08  99  9.1 11.3  2.29  7.14  5.77 999 1012.1  27.3  27.6 999.0 99.0
96 01 11 09  97  9.2 11.2  2.38  8.33  5.74 999 1012.0  27.4  27.6 999.0 99.0
96 01 11 10  98  9.3 11.0  2.36  8.33  5.72 999 1012.1  27.4  27.6 999.0 99.0
96 01 11 11 103 10.6 12.7  2.28  7.69  5.62 999 1012.2  27.4  27.6 999.0 99.0
96 01 11 12 104 10.3 12.2  2.56  7.69  5.76 999 1012.7  27.4  27.6 999.0 99.0
96 01 11 13 108 10.6 13.4  2.37  6.67  5.54 999 1013.4  27.4  27.6 999.0 99.0
96 01 11 14 102  9.9 12.0  2.66  7.69  5.73 999 1014.0  27.6  27.6 999.0 99.0
96 01 11 15 102  9.7 12.2  2.64  7.69  5.87 999 1014.1  27.7  27.6 999.0 99.0
96 01 11 16 103 10.6 12.4  2.63  7.14  5.64 999 1013.6  27.6  27.6 999.0 99.0
96 01 11 17 102  9.9 11.8  2.57  7.14  5.78 999 1012.9  27.7  27.6 999.0 99.0
96 01 11 18 104 12.0 14.8  2.76  7.69  5.89 999 1011.9  27.6  27.6 999.0 99.0
96 01 11 19 103  9.1 11.0  2.57  7.69  5.75 999 1011.3  26.9  27.6 999.0 99.0
96 01 11 20 109 10.8 12.9  2.60  7.69  5.77 999 1010.7  27.5  27.6 999.0 99.0
96 01 11 21 110 10.2 12.3  2.76  7.69  5.86 999 1010.4  27.7  27.6 999.0 99.0
96 01 11 22 110  9.4 11.8  2.52  7.14  5.77 999 1010.6  27.6  27.6 999.0 99.0
96 01 11 23 109  8.6 10.7  2.73  7.69  5.95 999 1011.0  27.6  27.6 999.0 99.0
96 01 12 00 105  9.2 12.1  2.70  7.69  6.05 999 1011.2  27.4  27.6 999.0 99.0
96 01 12 01 100 10.2 12.1  2.58  7.69  5.80 999 1011.4  27.4  27.6 999.0 99.0
96 01 12 02  98 10.2 12.4  2.80  8.33  5.94 999 1012.0  27.4  27.6 999.0 99.0
96 01 12 03  98 10.1 12.6  2.96  7.69  6.14 999 1012.1  27.5  27.6 999.0 99.0
96 01 12 04  97 10.6 12.9  3.06  8.33  6.26 999 1012.0  27.4  27.6 999.0 99.0
96 01 12 05  98 11.1 13.9  2.99  8.33  6.06 999 1011.5  27.4  27.6 999.0 99.0
96 01 12 06 103 10.2 12.6  2.97  8.33  6.00 999 1011.2  27.4  27.6 999.0 99.0
96 01 12 07 106  9.8 12.4  3.07  7.69  6.35 999 1010.8  27.4  27.6 999.0 99.0
96 01 12 08 107 11.2 13.7  2.97  7.69  6.11 999 1010.4  27.4  27.6 999.0 99.0
96 01 12 09 107 10.0 11.8  2.91  8.33  6.03 999 1010.4  27.4  27.6 999.0 99.0
96 01 12 10 105  9.2 11.6  3.10  8.33  6.22 999 1010.6  27.4  27.6 999.0 99.0
96 01 12 11 106 10.7 12.8  3.09  7.69  6.21 999 1010.5  27.4  27.6 999.0 99.0
96 01 12 12 107 11.3 14.3  3.33  8.33  6.33 999 1010.9  27.4  27.6 999.0 99.0
96 01 12 13 108 10.7 13.2  3.12  8.33  6.27 999 1011.9  27.5  27.5 999.0 99.0
96 01 12 14 116 10.8 13.4  3.19  8.33  6.28 999 1012.6  27.6  27.5 999.0 99.0
96 01 12 15 115 10.3 13.0  3.34  8.33  6.27 999 1012.8  27.6  27.5 999.0 99.0
96 01 12 16 118 10.1 12.4  3.80  8.33  6.71 999 1012.7  27.7  27.5 999.0 99.0
96 01 12 17 115 10.4 12.3  3.51  8.33  6.57 999 1011.7  27.6  27.6 999.0 99.0
96 01 12 18 107  9.9 12.0  3.49  8.33  6.58 999 1010.7  27.5  27.6 999.0 99.0
96 01 12 19 114  9.9 12.2  3.50  8.33  6.63 999 1009.7  27.4  27.6 999.0 99.0
96 01 12 20 112 10.1 12.4  3.10  8.33  6.37 999 1008.9  27.4  27.6 999.0 99.0
96 01 12 21 108  9.7 11.6  3.26  8.33  6.47 999 1008.8  27.4  27.6 999.0 99.0
96 01 12 22 110  9.2 11.7  2.93  7.69  6.24 999 1008.9  27.4  27.5 999.0 99.0
96 01 12 23 113  8.7 10.8  3.04  8.33  6.43 999 1009.2  27.4  27.4 999.0 99.0
96 01 13 00 110  8.8 10.6  3.35  8.33  6.55 999 1009.6  27.4  27.4 999.0 99.0
96 01 13 01 112  9.2 11.8  3.15  8.33  6.48 999 1010.1  27.4  27.4 999.0 99.0
96 01 13 02 120 10.1 12.6  2.96  8.33  6.32 999 1010.2  27.4  27.4 999.0 99.0
96 01 13 03 116  9.4 11.3  2.81  7.69  6.15 999 1010.4  27.4  27.4 999.0 99.0
96 01 13 04 113  8.9 10.8  3.07  8.33  6.44 999 1011.1  27.4  27.4 999.0 99.0
96 01 13 05 111  8.7 11.0  2.81  7.69  6.31 999 1010.7  27.3  27.4 999.0 99.0
96 01 13 06 113  7.3  9.6  2.60  7.69  6.02 999 1010.6  27.2  27.4 999.0 99.0
96 01 13 07 112  7.4 10.0  2.58  7.69  6.16 999 1010.2  26.9  27.4 999.0 99.0
96 01 13 08 111  6.7  8.4  2.50  7.69  6.15 999 1009.7  27.1  27.4 999.0 99.0
96 01 13 09 106  4.9  6.1  2.44  7.69  6.19 999 1009.7  26.8  27.4 999.0 99.0
96 01 13 10  91  5.0  6.2  2.62  7.69  6.26 999 1009.9  26.8  27.4 999.0 99.0
96 01 13 11 102  6.5  7.7  2.26  7.69  5.94 999 1010.4  26.9  27.4 999.0 99.0
96 01 13 12 102  6.1  7.0  2.08  7.69  5.96 999 1011.1  26.8  27.4 999.0 99.0
96 01 13 13 107  6.3  7.7  1.83  7.14  5.77 999 1011.3  27.3  27.4 999.0 99.0
96 01 13 14 110  6.6  8.0  1.85  7.14  5.79 999 1012.0  27.4  27.4 999.0 99.0
96 01 13 15 118  6.5  7.6  1.78  7.14  5.58 999 1012.1  27.4  27.4 999.0 99.0
96 01 13 16 111  6.0  7.6  1.73  6.67  5.62 999 1012.1  27.4  27.4 999.0 99.0
96 01 13 17 118  6.0  7.2  1.79  7.14  5.68 999 1011.6  27.3  27.4 999.0 99.0
96 01 13 18 110  5.3  6.2  1.62  6.67  5.49 999 1010.8  27.4  27.4 999.0 99.0
96 01 13 19 108  5.8  7.1  1.60  7.14  5.55 999 1009.8  27.2  27.4 999.0 99.0
96 01 13 20 104  5.7  7.0  1.46  7.14  5.35 999 1009.6  27.4  27.5 999.0 99.0
96 01 13 21 109  5.1  6.2  1.45  7.14  5.24 999 1009.6  27.4  27.4 999.0 99.0
96 01 13 22 105  5.4  6.8  1.43  7.14  5.40 999 1009.7  27.4  27.4 999.0 99.0
96 01 13 23  82  5.1  6.5  1.36  7.14  5.23 999 1010.4  26.9  27.4 999.0 99.0
96 01 14 00  84  4.5  5.9  1.24  7.14  5.15 999 1011.3  26.9  27.4 999.0 99.0
96 01 14 01  82  4.3  5.4  1.22  6.67  5.29 999 1012.0  26.9  27.4 999.0 99.0
96 01 14 02  77  4.4  5.1  1.14  7.14  5.13 999 1012.7  26.9  27.4 999.0 99.0
96 01 14 03  62  5.8  7.0  1.17  7.14  5.45 999 1012.6  27.0  27.4 999.0 99.0
96 01 14 04  60  5.4  6.2  1.03  6.67  5.10 999 1012.7  26.9  27.4 999.0 99.0
96 01 14 05  60  5.7  6.7  1.05  7.14  5.19 999 1012.4  26.9  27.4 999.0 99.0
96 01 14 06  56  6.0  7.1  1.03  6.67  4.98 999 1012.1  26.9  27.4 999.0 99.0
96 01 14 07  22  6.2  7.4  1.20  7.14  5.36 999 1011.3  26.3  27.4 999.0 99.0
96 01 14 08  45  8.5 10.0  1.61  7.69  5.19 999 1010.9  26.1  27.4 999.0 99.0
96 01 14 09  45  8.0  9.3  1.78  6.25  5.13 999 1010.7  26.4  27.4 999.0 99.0
96 01 14 10  43  8.5 10.1  1.74  7.14  5.16 999 1011.0  26.6  27.4 999.0 99.0
96 01 14 11  37  9.3 10.8  1.82  7.14  5.14 999 1011.2  26.6  27.4 999.0 99.0
96 01 14 12  71  8.1 10.7  2.06  7.14  5.35 999 1012.1  24.7  27.4 999.0 99.0
96 01 14 13  52  7.9  9.3  1.95  7.69  5.21 999 1012.8  25.2  27.4 999.0 99.0
96 01 14 14  58  5.6  6.8  1.77  7.14  5.46 999 1013.7  26.6  27.4 999.0 99.0
96 01 14 15  85  7.9  9.7  1.85  7.14  5.62 999 1013.9  25.6  27.4 999.0 99.0
96 01 14 16  85  7.5  8.8  2.00  7.14  5.60 999 1013.7  26.9  27.4 999.0 99.0
96 01 14 17  82  7.6  8.9  2.01  7.14  5.63 999 1013.5  27.0  27.4 999.0 99.0
96 01 14 18  75  8.3  9.8  2.10  7.14  5.77 999 1012.6  27.3  27.4 999.0 99.0
96 01 14 19  60  7.7  9.2  2.12  7.14  5.58 999 1012.0  26.6  27.4 999.0 99.0
96 01 14 20  71  7.4  8.7  2.21  7.69  5.71 999 1011.6  26.9  27.4 999.0 99.0
96 01 14 21  62  6.9  8.8  2.33  7.69  5.84 999 1011.6  26.9  27.4 999.0 99.0
96 01 14 22 101  7.0  8.6  2.28  7.69  5.84 999 1012.0  26.5  27.4 999.0 99.0
96 01 14 23  62  7.2  8.6  2.33  8.33  5.89 999 1012.4  26.6  27.4 999.0 99.0
96 01 15 00  53  7.4  9.5  2.10  7.69  5.65 999 1012.7  26.1  27.4 999.0 99.0
96 01 15 01  57  8.8 10.4  2.30  8.33  6.04 999 1013.5  26.3  27.4 999.0 99.0
96 01 15 02  67  6.9  8.3  2.38  8.33  6.09 999 1013.9  26.6  27.4 999.0 99.0
96 01 15 03  79  8.4 10.1  2.16  8.33  5.95 999 1014.3  26.4  27.4 999.0 99.0
96 01 15 04  79  8.5 10.1  2.17  8.33  5.77 999 1014.1  26.1  27.4 999.0 99.0
96 01 15 05  90  8.9 11.2  2.39  8.33  5.76 999 1013.8  26.6  27.4 999.0 99.0
96 01 15 06  92  9.7 11.9  1.98  7.69  5.34 999 1013.2  26.8  27.4 999.0 99.0
96 01 15 07  96 10.2 12.1  2.14  8.33  5.44 999 1012.5  26.8  27.4 999.0 99.0
96 01 15 08  98  9.9 11.9  2.18  7.14  5.41 999 1012.1  26.9  27.4 999.0 99.0
96 01 15 09 101 10.2 11.8  2.25  5.56  5.25 999 1012.0  26.8  27.4 999.0 99.0
96 01 15 10 100 10.0 12.0  2.26  6.25  5.41 999 1012.7  26.9  27.4 999.0 99.0
96 01 15 11  74 11.0 13.5  2.31  7.14  5.40 999 1013.0  25.8  27.4 999.0 99.0
96 01 15 12  99 11.8 13.8  2.60  7.14  5.62 999 1013.2  26.6  27.4 999.0 99.0
96 01 15 13 105 11.5 14.1  2.50  7.14  5.53 999 1014.2  26.8  27.4 999.0 99.0
96 01 15 14 102 10.6 13.4  2.74  7.69  5.75 999 1014.9  26.8  27.4 999.0 99.0
96 01 15 15 104 11.2 13.1  2.56  6.67  5.68 999 1015.3  26.8  27.4 999.0 99.0
96 01 15 16 107 11.5 13.6  2.74  7.14  5.86 999 1015.2  26.8  27.4 999.0 99.0
96 01 15 17 106 10.5 13.5  2.83  7.14  5.84 999 1014.6  26.9  27.4 999.0 99.0
96 01 15 18 108 10.6 12.7  2.84  8.33  5.93 999 1013.7  26.8  27.4 999.0 99.0
96 01 15 19 102 10.4 12.7  2.81  7.14  5.96 999 1012.8  26.8  27.4 999.0 99.0
96 01 15 20 105 10.8 12.6  2.64  8.33  5.91 999 1012.5  26.6  27.4 999.0 99.0
96 01 15 21  96 10.4 12.8  2.86  6.67  6.06 999 1012.2  26.6  27.4 999.0 99.0
96 01 15 22  96  9.8 11.6  2.57  8.33  5.82 999 1012.6  26.8  27.4 999.0 99.0
96 01 15 23  94  9.7 12.1  2.54  8.33  5.91 999 1012.7  26.6  27.4 999.0 99.0
96 01 16 00  94  9.9 12.0  2.48  7.69  5.87 999 1012.9  26.6  27.4 999.0 99.0
96 01 16 01  89  9.8 11.8  2.59  7.69  5.94 999 1013.6  26.6  27.4 999.0 99.0
96 01 16 02  91 10.3 12.1  2.58  7.69  5.96 999 1014.1  26.6  27.4 999.0 99.0
96 01 16 03  83 10.1 12.1  2.50  7.69  5.82 999 1014.2  26.6  27.4 999.0 99.0
96 01 16 04  89 10.1 11.8  2.63  9.09  5.87 999 1014.0  26.6  27.4 999.0 99.0
96 01 16 05  87  9.4 11.1  2.39  8.33  5.94 999 1013.7  26.6  27.4 999.0 99.0
96 01 16 06  86  9.0 11.1  2.48  7.69  5.82 999 1013.6  26.6  27.4 999.0 99.0
96 01 16 07  88  8.6 11.1  2.25  6.67  5.69 999 1012.8  26.6  27.4 999.0 99.0
96 01 16 08  88  9.3 11.3  2.25  7.14  5.68 999 1012.0  26.6  27.4 999.0 99.0
96 01 16 09  89  9.9 11.6  2.34  7.14  5.70 999 1011.8  26.6  27.4 999.0 99.0
96 01 16 10  84  9.5 11.7  2.21  7.69  5.52 999 1011.9  26.6  27.4 999.0 99.0
96 01 16 11  88  9.6 11.8  2.20  9.09  5.61 999 1012.2  26.7  27.4 999.0 99.0
96 01 16 12  81 10.2 12.4  2.24  8.33  5.52 999 1012.8  26.8  27.4 999.0 99.0
96 01 16 13  81 10.2 12.3  2.25  9.09  5.46 999 1013.6  26.9  27.4 999.0 99.0
96 01 16 14  80  9.8 12.3  2.10  7.14  5.31 999 1014.3  26.9  27.4 999.0 99.0
96 01 16 15  83 10.2 11.9  2.25  8.33  5.50 999 1014.3  26.8  27.4 999.0 99.0
96 01 16 16  83  9.7 11.8  2.11  9.09  5.40 999 1014.2  26.9  27.4 999.0 99.0
96 01 16 17  82 10.3 12.0  2.15  6.25  5.41 999 1013.3  26.8  27.4 999.0 99.0
96 01 16 18  85 10.4 12.3  2.30  7.69  5.52 999 1012.1  26.8  27.4 999.0 99.0
96 01 16 19  84  9.7 12.0  2.21  7.69  5.35 999 1011.2  26.9  27.4 999.0 99.0
96 01 16 20  75  9.5 11.9  2.25  8.33  5.47 999 1010.6  26.9  27.4 999.0 99.0
96 01 16 21  80  9.8 11.5  2.23  8.33  5.51 999 1010.4  26.9  27.4 999.0 99.0
96 01 16 22  72  9.2 11.4  2.14  8.33  5.42 999 1010.5  26.9  27.4 999.0 99.0
96 01 16 23  74  9.7 12.2  2.22  8.33  5.60 999 1010.5  26.8  27.4 999.0 99.0
96 01 17 00  74  9.4 11.4  2.14  8.33  5.46 999 1010.9  26.8  27.4 999.0 99.0
96 01 17 01  67  8.8 11.1  2.07  9.09  5.60 999 1011.4  26.9  27.4 999.0 99.0
96 01 17 02  74  9.0 10.6  2.07  9.09  5.56 999 1011.9  26.9  27.4 999.0 99.0
96 01 17 03  83  8.3 10.2  2.13  8.33  5.65 999 1012.6  26.9  27.4 999.0 99.0
96 01 17 04  86 10.0 13.0  2.08  8.33  5.22 999 1012.2  26.0  27.4 999.0 99.0
96 01 17 05  74  7.6  9.4  1.86  8.33  5.30 999 1011.7  26.1  27.4 999.0 99.0
96 01 17 06  82  8.7 10.7  1.76  7.69  5.12 999 1011.2  26.8  27.4 999.0 99.0
96 01 17 07  85  9.0 10.5  1.78  7.69  5.18 999 1010.4  26.8  27.4 999.0 99.0
96 01 17 08  85  8.4  9.6  1.71  5.56  5.05 999 1009.8  26.0  27.4 999.0 99.0
96 01 17 09  81  8.6 10.3  1.60  6.25  4.83 999 1009.5  26.5  27.4 999.0 99.0
96 01 17 10  88  9.1 12.1  1.76  7.69  5.06 999 1009.6  26.5  27.4 999.0 99.0
96 01 17 11  92  9.3 11.3  1.68  7.14  5.00 999 1009.9  26.6  27.4 999.0 99.0
96 01 17 12  97  8.7 11.0  1.51  7.69  4.75 999 1010.5  26.8  27.4 999.0 99.0
96 01 17 13 108  9.3 11.6  1.59  5.26  4.72 999 1011.6  26.8  27.4 999.0 99.0
96 01 17 14 101  9.7 12.4  1.71  6.25  4.95 999 1012.5  26.7  27.4 999.0 99.0
96 01 17 15 107  8.7 10.3  1.66  6.25  4.82 999 1012.8  26.7  27.4 999.0 99.0
96 01 17 16 103  8.4  9.8  1.60  5.56  4.80 999 1012.8  26.9  27.4 999.0 99.0
96 01 17 17 107  9.2 11.2  1.65  6.25  4.89 999 1012.1  26.9  27.4 999.0 99.0
96 01 17 18 109  8.5 10.6  1.71  5.88  4.88 999 1011.5  27.4  27.4 999.0 99.0
96 01 17 19 106  8.3  9.7  1.63  6.25  5.01 999 1010.7  27.3  27.4 999.0 99.0
96 01 17 20 105  8.0  9.6  1.67  7.14  5.09 999 1010.4  27.3  27.4 999.0 99.0
96 01 17 21 106  7.9  9.2  1.70  6.67  5.07 999 1010.2  27.4  27.4 999.0 99.0
96 01 17 22  99  8.3 10.1  1.69  7.14  5.11 999 1010.1  26.9  27.4 999.0 99.0
96 01 17 23 104  8.3 10.1  1.62  5.56  4.96 999 1010.4  26.9  27.3 999.0 99.0
96 01 18 00 104  8.3  9.7  1.71  7.14  5.01 999 1010.7  26.6  27.3 999.0 99.0
96 01 18 01 100  8.3  9.7  1.70  6.25  4.98 999 1011.3  26.9  27.3 999.0 99.0
96 01 18 02 101  9.1 11.1  1.71  6.67  4.91 999 1011.9  27.3  27.3 999.0 99.0
96 01 18 03  99  8.9 10.7  1.72  7.14  5.12 999 1012.1  27.0  27.3 999.0 99.0
96 01 18 04  99 10.2 12.2  1.69  7.14  4.95 999 1012.0  26.9  27.3 999.0 99.0
96 01 18 05 102  9.4 11.1  1.76  7.14  4.88 999 1012.0  26.9  27.3 999.0 99.0
96 01 18 06 100  9.1 11.2  1.83  7.14  5.15 999 1011.7  26.9  27.3 999.0 99.0
96 01 18 07  98  8.4 10.5  1.76  7.14  5.09 999 1011.2  26.9  27.3 999.0 99.0
96 01 18 08  95 10.3 12.4  1.68  7.14  4.97 999 1010.5  26.9  27.3 999.0 99.0
96 01 18 09  99  9.3 11.1  1.87  7.14  5.08 999 1010.7  26.9  27.3 999.0 99.0
96 01 18 10  98  9.3 11.2  1.97  7.14  5.24 999 1010.7  26.8  27.1 999.0 99.0
96 01 18 11  98  8.1  9.7  1.86  7.69  5.32 999 1011.2  26.8  27.3 999.0 99.0
96 01 18 12  91  8.9 10.6  1.89  7.14  5.28 999 1011.9  26.9  27.3 999.0 99.0
96 01 18 13  99  9.2 10.9  1.84  7.69  5.34 999 1012.8  27.3  27.3 999.0 99.0
96 01 18 14 104  9.0 10.6  1.99  7.69  5.46 999 1013.7  27.4  27.3 999.0 99.0
96 01 18 15 102  8.1  9.8  1.89  7.69  5.49 999 1014.2  27.3  27.3 999.0 99.0
96 01 18 16 103  9.4 11.0  1.75  7.14  5.35 999 1013.8  27.4  27.3 999.0 99.0
96 01 18 17 108  8.9 10.7  1.76  7.14  5.09 999 1013.0  27.4  27.4 999.0 99.0
96 01 18 18 109  7.0  8.8  1.71  7.69  5.20 999 1012.8  27.3  27.4 999.0 99.0
96 01 18 19  99  8.3  9.9  1.70  7.69  5.37 999 1011.4  26.6  27.4 999.0 99.0
96 01 18 20 101  8.2  9.8  1.78  7.14  5.37 999 1011.0  26.9  27.4 999.0 99.0
96 01 18 21  96  7.5  8.9  1.75  7.69  5.35 999 1011.0  27.3  27.4 999.0 99.0
96 01 18 22  94  8.2  9.4  1.62  7.69  5.33 999 1010.6  26.9  27.4 999.0 99.0
96 01 18 23  95  8.0  9.6  1.81  7.69  5.25 999 1011.0  26.8  27.4 999.0 99.0
96 01 19 00  95  8.3 10.1  1.78  7.69  5.12 999 1011.4  26.9  27.4 999.0 99.0
96 01 19 01  94  8.7 10.2  1.87  7.69  5.28 999 1012.1  26.9  27.4 999.0 99.0
96 01 19 02 102  9.0 10.9  1.84  7.69  5.16 999 1012.8  26.9  27.4 999.0 99.0
96 01 19 03  97  9.1 11.4  1.74  8.33  5.10 999 1013.6  26.9  27.4 999.0 99.0
96 01 19 04  96  8.8 10.6  1.81  5.88  5.01 999 1013.6  26.9  27.4 999.0 99.0
96 01 19 05 102  8.4 10.6  1.85  7.14  5.21 999 1013.5  26.9  27.3 999.0 99.0
96 01 19 06  97  8.7 10.1  1.90  7.69  5.18 999 1013.1  26.9  27.4 999.0 99.0
96 01 19 07  96  8.9 10.9  1.85  6.67  5.12 999 1012.6  26.9  27.3 999.0 99.0
96 01 19 08  98  9.1 10.7  1.81  7.14  5.15 999 1012.0  26.9  27.3 999.0 99.0
96 01 19 09  93  8.9 11.0  1.89  6.67  5.17 999 1011.9  26.8  27.3 999.0 99.0
96 01 19 10  95  9.2 11.4  1.92  7.14  5.13 999 1012.0  26.8  27.3 999.0 99.0
96 01 19 11 101  8.6 10.2  1.77  6.67  5.02 999 1012.4  26.8  27.3 999.0 99.0
96 01 19 12  96  8.9 10.6  1.73  6.25  4.92 999 1013.0  26.8  27.3 999.0 99.0
96 01 19 13  96  9.2 10.4  1.95  6.67  5.22 999 1014.0  26.9  27.3 999.0 99.0
96 01 19 14  97  8.8 10.4  1.78  5.56  5.01 999 1014.7  27.3  27.3 999.0 99.0
96 01 19 15 102 10.0 12.5  1.80  6.67  5.10 999 1015.0  26.8  27.3 999.0 99.0
96 01 19 16  97  8.9 10.4  1.86  6.67  5.23 999 1014.7  27.3  27.4 999.0 99.0
96 01 19 17 102  8.5 10.2  1.79  7.69  5.07 999 1014.2  26.9  27.4 999.0 99.0
96 01 19 18 102  7.8  9.3  1.85  7.69  5.20 999 1013.3  26.9  27.4 999.0 99.0
96 01 19 19  96  7.8  9.1  1.77  7.14  5.09 999 1012.3  26.9  27.4 999.0 99.0
96 01 19 20  94  7.7  9.6  1.78  8.33  5.26 999 1011.6  26.9  27.4 999.0 99.0
96 01 19 21  99  8.2 10.1  1.70  7.14  5.35 999 1011.2  26.9  27.4 999.0 99.0
96 01 19 22  92  8.1  9.5  1.64  7.14  5.17 999 1011.3  27.0  27.4 999.0 99.0
96 01 19 23  84  8.3 10.0  1.57  5.88  5.10 999 1011.3  26.9  27.4 999.0 99.0
96 01 20 00  91  8.6 10.1  1.70  6.25  5.19 999 1011.9  26.9  27.4 999.0 99.0
96 01 20 01  94  8.4 10.0  1.78  7.69  5.30 999 1012.6  26.8  27.3 999.0 99.0
96 01 20 02  89  8.5  9.9  1.81  7.69  5.34 999 1013.0  26.8  27.3 999.0 99.0
96 01 20 03  88  7.8  9.5  1.67  6.67  5.20 999 1013.5  26.8  27.3 999.0 99.0
96 01 20 04  92  8.1  9.4  1.66  6.67  5.06 999 1013.5  26.8  27.3 999.0 99.0
96 01 20 05  82  8.3  9.9  1.75  6.67  5.15 999 1013.5  26.8  27.3 999.0 99.0
96 01 20 06  88  8.3 10.5  1.74  7.14  5.10 999 1012.9  26.7  27.3 999.0 99.0
96 01 20 07 999 99.0 99.0 99.00 99.00 99.00 999 9999.0 999.0 999.0 999.0 99.0
96 01 20 08  78  7.6  8.7  1.71  6.67  5.20 999 1012.0  26.6  27.3 999.0 99.0
96 01 20 09  75  7.1  9.4  1.57  8.33  5.22 999 1012.6  26.6  27.3 999.0 99.0
96 01 20 10  71  7.3  8.5  1.61  6.25  5.20 999 1012.7  26.6  27.3 999.0 99.0
96 01 20 11  70  7.4  9.1  1.55  5.88  5.29 999 1012.8  26.6  27.3 999.0 99.0
96 01 20 12  71  7.9  9.2  1.41  7.14  5.15 999 1013.5  26.6  27.3 999.0 99.0
96 01 20 13  77  8.0  9.2  1.53  7.14  4.98 999 1014.2  26.9  27.3 999.0 99.0
96 01 20 14  68  7.4  8.6  1.40  7.14  5.07 999 1015.0  26.9  27.3 999.0 99.0
96 01 20 15  74  7.6  9.3  1.49  7.69  5.03 999 1015.6  26.9  27.3 999.0 99.0
96 01 20 16  71  7.8  9.6  1.41  8.33  4.92 999 1015.2  26.8  27.3 999.0 99.0
96 01 20 17 101  7.8 10.4  1.45  7.14  4.93 999 1015.1  26.8  27.4 999.0 99.0
96 01 20 18  82  7.1  8.4  1.53  6.25  5.05 999 1013.9  26.6  27.4 999.0 99.0
96 01 20 19  78  6.9  8.2  1.38  6.67  5.00 999 1012.9  26.8  27.4 999.0 99.0
96 01 20 20  83  8.3 10.3  1.30  7.69  4.99 999 1012.4  26.8  27.4 999.0 99.0
96 01 20 21  81  6.7  8.4  1.41  5.26  4.89 999 1012.1  26.8  27.4 999.0 99.0
96 01 20 22  82  7.1  8.3  1.36  5.56  4.87 999 1012.0  26.8  27.4 999.0 99.0
96 01 20 23  71  6.9  8.4  1.34  5.26  4.91 999 1012.1  26.6  27.3 999.0 99.0
96 01 21 00  83  7.6  9.6  1.34  5.26  4.79 999 1012.6  26.8  26.9 999.0 99.0
96 01 21 01  80  8.2 10.2  1.35  5.56  4.66 999 1012.8  26.8  26.9 999.0 99.0
96 01 21 02  89  8.3 10.3  1.33  4.55  4.62 999 1013.5  26.8  26.9 999.0 99.0
96 01 21 03  87  8.2  9.4  1.43  5.26  4.72 999 1013.9  26.8  26.9 999.0 99.0
96 01 21 04  89  8.1  9.7  1.54  5.56  4.66 999 1014.1  26.9  26.9 999.0 99.0
96 01 21 05  96  8.6 11.2  1.54  5.88  4.71 999 1013.7  26.9  26.9 999.0 99.0
96 01 21 06  94  8.1 10.0  1.57  5.26  4.89 999 1013.3  26.6  26.9 999.0 99.0
96 01 21 07  96  9.1 10.6  1.67  6.25  4.88 999 1012.7  26.7  26.9 999.0 99.0
96 01 21 08  92  8.4  9.8  1.67  6.25  4.92 999 1012.5  26.8  26.9 999.0 99.0
96 01 21 09  93  8.9 10.7  1.68  5.88  4.81 999 1012.4  26.8  26.9 999.0 99.0
96 01 21 10  95  9.4 11.5  1.66  5.88  4.89 999 1012.5  26.6  26.9 999.0 99.0
96 01 21 11  98  9.6 11.6  1.73  5.26  4.95 999 1012.8  26.8  26.9 999.0 99.0
96 01 21 12  96  9.0 11.1  1.73  5.88  4.89 999 1013.5  26.6  26.9 999.0 99.0
96 01 21 13  99  9.3 11.0  1.74  6.67  4.94 999 1014.3  26.9  26.9 999.0 99.0
96 01 21 14  86  8.8 10.7  1.76  6.67  4.98 999 1014.9  26.6  26.9 999.0 99.0
96 01 21 15  99  9.0 10.5  1.68  6.67  4.84 999 1015.1  26.9  26.9 999.0 99.0
96 01 21 16  87  8.3  9.7  1.83  6.25  4.90 999 1015.2  26.1  26.9 999.0 99.0
96 01 21 17 102  8.1  9.5  1.77  7.14  5.14 999 1014.5  26.6  26.9 999.0 99.0
96 01 21 18  90  8.7 14.3  1.87  6.67  5.08 999 1014.0  25.7  26.9 999.0 99.0
96 01 21 19  84  7.0  8.9  1.75  7.14  5.02 999 1012.9  26.1  26.9 999.0 99.0
96 01 21 20  99  9.2 11.3  1.90  6.67  5.06 999 1012.5  26.8  26.9 999.0 99.0
96 01 21 21  95  9.9 12.3  1.85  7.14  5.04 999 1012.1  26.8  26.9 999.0 99.0
96 01 21 22  98 10.3 12.6  2.19  6.25  5.25 999 1012.0  26.9  26.9 999.0 99.0
96 01 21 23  98  9.6 11.2  2.07  5.26  5.15 999 1012.6  26.6  26.9 999.0 99.0
96 01 22 00  96  9.6 11.9  1.98  7.69  5.19 999 1012.9  26.9  26.8 999.0 99.0
96 01 22 01  91  9.0 10.8  2.04  7.69  5.44 999 1013.5  26.8  26.9 999.0 99.0
96 01 22 02  88 10.1 12.0  1.95  7.69  5.33 999 1013.8  26.6  26.9 999.0 99.0
96 01 22 03  89  9.5 11.7  2.02  7.14  5.27 999 1014.2  26.9  26.9 999.0 99.0
96 01 22 04  92 10.5 12.4  2.16  8.33  5.40 999 1014.0  26.9  26.9 999.0 99.0
96 01 22 05  86  9.7 11.8  2.06  7.69  5.37 999 1013.8  26.8  26.9 999.0 99.0
96 01 22 06  91  9.3 11.2  2.06  7.69  5.45 999 1013.3  26.7  26.9 999.0 99.0
96 01 22 07  86  9.0 10.3  2.10  8.33  5.44 999 1012.7  26.6  26.9 999.0 99.0
96 01 22 08  89  9.0 10.6  2.05  8.33  5.50 999 1012.0  26.6  26.9 999.0 99.0
96 01 22 09  89  8.5 10.1  2.19  7.69  5.54 999 1012.0  26.6  26.9 999.0 99.0
96 01 22 10  93  9.7 12.2  2.08  7.69  5.61 999 1012.0  26.6  26.9 999.0 99.0
96 01 22 11  93  9.6 11.6  2.09  7.69  5.54 999 1012.6  26.6  26.9 999.0 99.0
96 01 22 12  89  8.6 11.1  1.94  8.33  5.43 999 1013.4  26.6  26.9 999.0 99.0
96 01 22 13  84  8.9 11.6  2.09  8.33  5.63 999 1013.7  26.8  26.9 999.0 99.0
96 01 22 14  90  9.1 11.3  2.12  8.33  5.48 999 1014.3  26.8  26.9 999.0 99.0
96 01 22 15  88  8.4 10.0  1.89  7.69  5.55 999 1015.1  26.8  26.9 999.0 99.0
96 01 22 16  81  9.0 11.0  1.97  7.14  5.59 999 1014.6  26.8  26.8 999.0 99.0
96 01 22 17  85  9.5 11.6  1.93  8.33  5.37 999 1013.8  26.8  26.9 999.0 99.0
96 01 22 18  84  8.9 10.9  1.99  7.69  5.38 999 1013.1  26.6  26.9 999.0 99.0
96 01 22 19  85  8.5 10.2  2.06  8.33  5.44 999 1012.3  26.6  26.9 999.0 99.0
96 01 22 20  90  9.5 11.0  2.01  8.33  5.58 999 1011.6  26.6  26.9 999.0 99.0
96 01 22 21  81  9.1 11.2  1.96  7.69  5.34 999 1011.4  26.7  26.9 999.0 99.0
96 01 22 22  84  9.2 11.0  2.02  8.33  5.45 999 1011.4  26.6  26.9 999.0 99.0
96 01 22 23  94 10.1 11.7  1.89  8.33  5.28 999 1011.3  26.6  26.9 999.0 99.0
96 01 23 00  90  9.2 11.1  2.08  8.33  5.65 999 1011.7  26.6  26.9 999.0 99.0
96 01 23 01  94  9.2 11.0  2.17  8.33  5.70 999 1012.2  26.6  26.9 999.0 99.0
96 01 23 02  92  8.9 10.6  2.10  8.33  5.68 999 1012.7  26.6  26.9 999.0 99.0
96 01 23 03  94  9.0 11.1  2.18  8.33  5.62 999 1012.8  26.6  26.9 999.0 99.0
96 01 23 04  93  8.2  9.9  2.04  8.33  5.68 999 1013.0  26.6  26.9 999.0 99.0
96 01 23 05  96  8.0  9.7  1.99  8.33  5.60 999 1012.7  26.6  26.9 999.0 99.0
96 01 23 06  92  8.1  9.5  1.99  8.33  5.61 999 1012.6  26.6  26.9 999.0 99.0
96 01 23 07  89  8.1 10.0  2.02  8.33  5.74 999 1011.9  26.3  26.9 999.0 99.0
96 01 23 08  94  8.3  9.9  1.95  8.33  5.70 999 1011.2  26.3  26.9 999.0 99.0
96 01 23 09  86  7.8  9.7  2.01  7.69  5.64 999 1011.1  26.1  26.9 999.0 99.0
96 01 23 10  86  8.1  9.6  1.92  8.33  5.77 999 1011.2  26.1  26.8 999.0 99.0
96 01 23 11  88  8.4  9.8  1.90  9.09  5.60 999 1011.9  26.2  26.8 999.0 99.0
96 01 23 12  94  8.1  9.4  1.95  8.33  5.77 999 1012.7  26.6  26.8 999.0 99.0
96 01 23 13  92  8.4  9.9  1.69  8.33  5.39 999 1013.4  26.6  26.8 999.0 99.0
96 01 23 14  93  8.6 10.4  1.89  8.33  5.71 999 1014.2  26.8  26.8 999.0 99.0
96 01 23 15  92  8.3  9.8  1.93  8.33  5.83 999 1014.4  26.8  26.8 999.0 99.0
96 01 23 16  92  8.9 10.6  1.74  8.33  5.48 999 1014.2  26.8  26.8 999.0 99.0
96 01 23 17  96  8.3 10.2  1.76  8.33  5.28 999 1013.6  26.6  26.8 999.0 99.0
96 01 23 18  93  8.3  9.5  1.78  9.09  5.45 999 1012.7  26.6  26.8 999.0 99.0
96 01 23 19  91  8.3  9.9  1.76  9.09  5.13 999 1011.8  26.8  26.8 999.0 99.0
96 01 23 20  92  8.8 10.4  1.74  7.69  5.07 999 1011.2  26.7  26.8 999.0 99.0
96 01 23 21  92  9.6 11.6  1.99  8.33  5.52 999 1011.0  26.8  26.8 999.0 99.0
96 01 23 22  89  9.3 10.9  1.88  7.69  5.11 999 1011.2  26.6  26.8 999.0 99.0
96 01 23 23  90  9.5 11.2  2.09  8.33  5.41 999 1011.2  26.6  26.6 999.0 99.0
96 01 24 00  90  9.2 11.3  1.91  6.25  5.29 999 1011.8  26.6  26.6 999.0 99.0
96 01 24 01  90  9.4 11.6  1.91  8.33  5.22 999 1012.2  26.1  26.6 999.0 99.0
96 01 24 02  90  9.7 11.9  2.07  7.69  5.48 999 1012.8  26.6  26.6 999.0 99.0
96 01 24 03  85  9.7 11.5  2.13  7.14  5.32 999 1013.1  26.6  26.6 999.0 99.0
96 01 24 04  89  9.6 11.2  2.34  7.69  5.48 999 1012.9  26.6  26.6 999.0 99.0
96 01 24 05  95  9.4 11.7  2.11  7.14  5.40 999 1012.7  26.6  26.6 999.0 99.0
96 01 24 06  90  9.6 12.1  2.05  7.14  5.42 999 1012.2  26.2  26.6 999.0 99.0
96 01 24 07  99  9.1 10.7  2.19  7.69  5.54 999 1011.9  26.1  26.6 999.0 99.0
96 01 24 08  97  8.7 10.3  2.02  7.14  5.37 999 1011.2  26.1  26.6 999.0 99.0
96 01 24 09  95  8.3 10.2  1.92  7.69  5.24 999 1011.3  26.1  26.6 999.0 99.0
96 01 24 10  85  8.9 10.6  1.98  8.33  5.36 999 1011.7  26.1  26.6 999.0 99.0
96 01 24 11  94  9.4 11.1  1.90  7.69  5.36 999 1012.0  26.3  26.6 999.0 99.0
96 01 24 12  93  9.3 11.6  1.98  8.33  5.32 999 1012.7  26.1  26.6 999.0 99.0
96 01 24 13 102  9.6 11.4  1.96  6.67  5.23 999 1013.5  26.6  26.6 999.0 99.0
96 01 24 14 112  8.7 11.4  1.97  5.88  5.17 999 1014.3  26.6  26.6 999.0 99.0
96 01 24 15 112  8.1  9.7  2.00  5.88  5.20 999 1014.8  26.6  26.6 999.0 99.0
96 01 24 16 112  8.1  9.8  1.82  6.67  5.23 999 1014.5  26.6  26.6 999.0 99.0
96 01 24 17 103  8.6 10.4  1.85  7.69  5.27 999 1013.9  26.6  26.6 999.0 99.0
96 01 24 18 100  8.1 10.1  1.85  6.25  5.25 999 1013.4  26.6  26.6 999.0 99.0
96 01 24 19  96  7.7  9.3  1.80  7.14  5.21 999 1012.8  26.6  26.6 999.0 99.0
96 01 24 20  96  7.8  9.1  1.79  7.69  5.24 999 1012.1  26.6  26.6 999.0 99.0
96 01 24 21  91  7.7  9.3  1.85  7.14  5.26 999 1012.0  26.6  26.6 999.0 99.0
96 01 24 22  96  8.1  9.3  1.88  7.69  5.35 999 1012.1  26.6  26.6 999.0 99.0
96 01 24 23  89  7.2  8.6  1.81  6.25  5.32 999 1012.7  26.6  26.6 999.0 99.0
96 01 25 00  90  7.8  9.5  1.57  7.14  5.10 999 1013.0  26.6  26.6 999.0 99.0
96 01 25 01  85  7.8  9.3  1.63  7.69  5.12 999 1013.6  26.6  26.6 999.0 99.0
96 01 25 02  86  8.2 10.0  1.60  7.69  5.08 999 1014.1  26.6  26.6 999.0 99.0
96 01 25 03  84  7.9  9.6  1.87  7.14  5.35 999 1014.3  26.1  26.6 999.0 99.0
96 01 25 04  89  8.0 10.0  1.83  7.69  5.41 999 1014.4  26.0  26.6 999.0 99.0
96 01 25 05  94  8.9 10.7  1.81  7.69  5.20 999 1014.2  26.1  26.6 999.0 99.0
96 01 25 06  92  8.2  9.7  1.85  7.69  5.26 999 1013.7  26.0  26.6 999.0 99.0
96 01 25 07  88  8.4  9.9  1.88  7.14  5.36 999 1013.2  25.9  26.6 999.0 99.0
96 01 25 08  85  8.2 10.1  1.77  7.69  5.17 999 1012.7  25.9  26.6 999.0 99.0
96 01 25 09  82  7.5  9.0  1.74  7.69  5.11 999 1012.8  25.9  26.6 999.0 99.0
96 01 25 10  80  6.8  8.7  1.61  7.69  5.17 999 1013.4  25.9  26.6 999.0 99.0
96 01 25 11  87  7.1  8.5  1.57  7.14  5.04 999 1014.1  26.0  26.6 999.0 99.0
96 01 25 12  76  7.8  9.5  1.58  7.69  5.05 999 1014.5  26.0  26.6 999.0 99.0
96 01 25 13  89  7.5  9.0  1.49  7.69  5.01 999 1015.3  26.1  26.6 999.0 99.0
96 01 25 14  93  8.1  9.8  1.64  7.69  5.07 999 1015.8  26.6  26.6 999.0 99.0
96 01 25 15  91  7.9  9.8  1.53  7.69  4.81 999 1015.9  26.6  26.6 999.0 99.0
96 01 25 16  89  8.1  9.2  1.47  7.14  4.77 999 1015.8  26.6  26.6 999.0 99.0
96 01 25 17  97  7.8  9.0  1.47  7.69  4.88 999 1015.1  26.1  26.2 999.0 99.0
96 01 25 18  98  7.7  9.3  1.28  7.14  4.56 999 1014.2  26.1  26.1 999.0 99.0
96 01 25 19  99  7.6  9.1  1.26  6.67  4.78 999 1013.0  26.1  26.1 999.0 99.0
96 01 25 20  99  8.4 10.1  1.31  7.14  4.67 999 1012.6  26.1  26.5 999.0 99.0
96 01 25 21  95  7.9  9.2  1.36  7.14  4.85 999 1012.7  26.1  26.6 999.0 99.0
96 01 25 22 102  7.3  8.9  1.37  7.14  4.80 999 1012.9  26.1  26.2 999.0 99.0
96 01 25 23  99  7.8  9.2  1.42  5.26  4.86 999 1013.6  26.1  26.2 999.0 99.0
96 01 26 00 101  7.8  9.3  1.49  7.14  4.96 999 1013.8  26.1  26.1 999.0 99.0
96 01 26 01 102  8.0  9.6  1.56  7.14  4.96 999 1014.2  26.1  26.1 999.0 99.0
96 01 26 02 105  8.1 10.7  1.50  7.14  4.97 999 1014.8  26.1  26.1 999.0 99.0
96 01 26 03  98  8.0  9.6  1.66  5.88  4.87 999 1015.2  26.1  26.1 999.0 99.0
96 01 26 04  98  8.4 10.0  1.66  7.69  5.01 999 1015.2  26.1  26.1 999.0 99.0
96 01 26 05  93  8.6 10.4  1.70  7.69  5.09 999 1015.1  26.1  26.1 999.0 99.0
96 01 26 06  93  8.8 10.7  1.70  7.69  5.14 999 1014.4  26.1  26.1 999.0 99.0
96 01 26 07  86  8.9 11.1  1.88  7.14  5.09 999 1013.7  26.1  26.1 999.0 99.0
96 01 26 08  86  9.2 11.4  1.92  7.69  5.20 999 1013.5  26.1  26.1 999.0 99.0
96 01 26 09  88  9.2 11.3  2.01  6.67  5.27 999 1013.4  26.1  26.1 999.0 99.0
96 01 26 10  90  9.9 12.1  1.93  5.56  5.08 999 1013.4  26.1  26.1 999.0 99.0
96 01 26 11  88  9.4 11.3  2.05  5.56  5.11 999 1013.6  26.3  26.1 999.0 99.0
96 01 26 12  88  9.6 11.5  2.08  5.88  5.16 999 1014.1  26.1  26.1 999.0 99.0
96 01 26 13  87  8.4 10.1  1.92  6.25  5.20 999 1014.5  26.1  26.1 999.0 99.0
96 01 26 14  89  9.1 11.3  1.88  5.88  5.08 999 1015.2  26.6  26.1 999.0 99.0
96 01 26 15  90 10.0 12.2  1.84  6.25  5.00 999 1015.2  26.6  26.1 999.0 99.0
96 01 26 16  87 10.1 12.4  1.88  5.88  4.99 999 1015.1  26.6  26.1 999.0 99.0
96 01 26 17  85  9.8 12.2  1.93  5.88  5.01 999 1014.3  26.6  26.1 999.0 99.0
96 01 26 18  89 10.3 12.2  1.96  5.88  4.99 999 1013.6  26.6  26.1 999.0 99.0
96 01 26 19  89 10.5 12.4  2.14  6.25  5.22 999 1012.8  26.6  26.1 999.0 99.0
96 01 26 20  87 10.1 12.3  2.27  6.25  5.26 999 1012.1  26.6  26.1 999.0 99.0
96 01 26 21  88 10.8 12.5  2.15  6.25  5.15 999 1012.0  26.6  26.1 999.0 99.0
96 01 26 22  88 10.1 12.1  2.39  6.67  5.37 999 1012.2  26.4  26.1 999.0 99.0
96 01 26 23  85 10.8 13.7  2.49  7.14  5.47 999 1012.4  26.1  26.1 999.0 99.0
96 01 27 00  81 11.1 13.7  2.52  6.67  5.52 999 1012.6  26.1  26.1 999.0 99.0
96 01 27 01  80 11.1 12.9  2.71  7.69  5.71 999 1013.0  26.1  26.1 999.0 99.0
96 01 27 02  84 11.1 13.3  2.65  7.69  5.75 999 1013.6  26.2  26.1 999.0 99.0
96 01 27 03  87 10.2 12.5  2.98  7.69  6.00 999 1013.9  26.1  26.1 999.0 99.0
96 01 27 04  91  9.8 12.2  2.69  7.69  5.79 999 1013.8  26.1  26.1 999.0 99.0
96 01 27 05  89  9.1 11.3  2.63  7.69  5.98 999 1013.5  26.1  26.1 999.0 99.0
96 01 27 06  97  8.4 10.6  2.41  7.69  5.65 999 1013.0  26.1  26.1 999.0 99.0
96 01 27 07  93  9.2 11.3  2.39  8.33  5.77 999 1012.4  26.1  26.1 999.0 99.0
96 01 27 08  86  9.0 10.9  2.57  7.14  5.77 999 1011.9  26.1  26.1 999.0 99.0
96 01 27 09 100 10.2 12.1  2.38  7.69  5.56 999 1011.7  26.1  26.1 999.0 99.0
96 01 27 10  98  8.9 10.6  2.50  7.69  5.57 999 1012.1  26.2  26.1 999.0 99.0
96 01 27 11  97  9.1 11.3  2.17  7.69  5.67 999 1012.5  26.6  26.2 999.0 99.0
96 01 27 12 123  9.3 11.7  2.30  7.69  5.66 999 1013.4  25.2  26.1 999.0 99.0
96 01 27 13  94  8.7 10.6  2.52  7.69  5.83 999 1014.2  26.0  26.1 999.0 99.0
96 01 27 14  97  9.8 11.8  2.55  7.69  5.81 999 1015.0  26.8  26.1 999.0 99.0
96 01 27 15 116 10.3 12.6  2.70  7.69  5.73 999 1015.4  25.9  26.2 999.0 99.0
96 01 27 16 115 12.7 16.7  2.64  7.69  5.77 999 1014.9  25.7  26.2 999.0 99.0
96 01 27 17  85  6.3  7.7  2.74  7.69  6.10 999 1014.5  25.8  26.5 999.0 99.0
96 01 27 18  78  7.3  9.0  2.47  8.33  6.09 999 1013.6  25.8  26.6 999.0 99.0
96 01 27 19  82  7.3  9.3  2.36  8.33  6.20 999 1012.8  26.1  26.6 999.0 99.0
96 01 27 20  72  7.4  8.7  2.21  8.33  6.11 999 1012.1  26.1  26.6 999.0 99.0
96 01 27 21  80  7.0  8.3  2.18  8.33  6.19 999 1012.1  26.1  26.6 999.0 99.0
96 01 27 22  79  7.1  9.0  2.12  8.33  6.18 999 1012.1  26.1  26.5 999.0 99.0
96 01 27 23  75  7.1  8.5  1.99  8.33  5.74 999 1012.6  25.4  26.1 999.0 99.0
96 01 28 00  76  7.4  8.8  1.99  7.69  5.79 999 1012.9  26.1  26.2 999.0 99.0
96 01 28 01  72  8.6 10.0  1.89  7.69  5.57 999 1013.6  26.2  26.1 999.0 99.0
96 01 28 02  82  8.6 10.5  2.10  7.14  5.62 999 1014.2  26.1  26.2 999.0 99.0
96 01 28 03  76  9.0 10.7  2.17  8.33  5.83 999 1014.3  26.6  26.5 999.0 99.0
96 01 28 04  75  7.7  9.4  1.95  7.14  5.46 999 1014.4  26.1  26.6 999.0 99.0
96 01 28 05  57  7.3  8.9  1.76  7.69  5.26 999 1014.2  26.1  26.6 999.0 99.0
96 01 28 06  66  9.0 10.3  1.96  6.25  5.42 999 1013.4  26.1  26.6 999.0 99.0
96 01 28 07  63  8.5 10.1  1.84  7.69  5.47 999 1012.6  26.1  26.6 999.0 99.0
96 01 28 08  62  7.6  9.6  1.79  7.14  5.32 999 1012.0  26.1  26.6 999.0 99.0
96 01 28 09  71  8.7 10.6  1.67  6.67  5.13 999 1011.8  26.6  26.6 999.0 99.0
96 01 28 10  74  9.7 11.8  1.90  7.69  5.19 999 1011.9  26.6  26.6 999.0 99.0
96 01 28 11  76  9.2 11.2  1.92  5.56  5.14 999 1012.1  26.6  26.6 999.0 99.0
96 01 28 12  65  9.0 10.7  1.84  5.88  4.92 999 1013.0  26.0  26.6 999.0 99.0
96 01 28 13  58  7.8  9.2  1.79  6.25  4.96 999 1013.7  26.6  26.6 999.0 99.0
96 01 28 14  62  5.9  7.3  1.72  5.56  4.96 999 1014.8  26.6  26.6 999.0 99.0
96 01 28 15 123  2.6  4.5  1.61  5.56  4.88 999 1015.2  25.8  26.6 999.0 99.0
96 01 28 16  64  5.9  6.7  1.77  5.88  5.15 999 1014.4  26.9  26.6 999.0 99.0
96 01 28 17  60  6.4  7.4  1.77  6.67  5.15 999 1013.6  26.9  26.6 999.0 99.0
96 01 28 18  66  6.5  7.7  1.61  6.67  5.10 999 1012.8  26.9  26.6 999.0 99.0
96 01 28 19  82  7.2  9.1  1.79  6.25  4.73 999 1012.2  23.7  26.6 999.0 99.0
96 01 28 20  76  8.1  9.9  1.72  7.14  5.04 999 1011.3  25.9  26.6 999.0 99.0
96 01 28 21  71  7.9  9.8  1.62  6.67  4.84 999 1010.7  25.4  26.6 999.0 99.0
96 01 28 22  86  9.4 11.6  1.71  7.14  4.85 999 1010.5  26.6  26.6 999.0 99.0
96 01 28 23  90  8.2  9.9  1.93  7.14  5.13 999 1011.1  26.6  26.6 999.0 99.0
96 01 29 00  79  8.3  9.9  1.87  7.14  5.25 999 1011.1  26.1  26.6 999.0 99.0
96 01 29 01  84  9.1 10.7  1.79  7.14  5.26 999 1011.7  26.6  26.7 999.0 99.0
96 01 29 02  98  8.1  9.4  1.80  7.69  5.36 999 1012.2  26.6  26.7 999.0 99.0
96 01 29 03  97  8.0  9.4  1.87  8.33  5.58 999 1012.4  26.6  26.8 999.0 99.0
96 01 29 04  92  6.6  7.9  1.70  8.33  5.57 999 1012.5  26.6  26.8 999.0 99.0
96 01 29 05  82  7.4  9.5  1.88  8.33  5.91 999 1012.1  26.8  26.7 999.0 99.0
96 01 29 06  93  8.6 10.8  1.66  7.69  5.43 999 1011.7  26.6  26.6 999.0 99.0
96 01 29 07  96  9.2 10.8  1.67  7.69  5.15 999 1011.1  26.5  26.6 999.0 99.0
96 01 29 08  94  9.3 11.1  1.75  7.69  4.98 999 1010.6  26.5  26.6 999.0 99.0
96 01 29 09  95  9.1 10.9  1.72  6.67  5.01 999 1010.6  26.5  26.6 999.0 99.0
96 01 29 10  95  9.4 11.0  1.87  6.67  5.13 999 1011.1  26.6  26.6 999.0 99.0
96 01 29 11  97  8.9 10.6  1.74  6.25  5.01 999 1011.7  26.5  26.6 999.0 99.0
96 01 29 12 101  9.0 10.2  1.72  5.88  5.02 999 1012.2  26.1  26.2 999.0 99.0
96 01 29 13  97  9.8 12.4  1.61  6.25  4.82 999 1013.2  25.6  26.2 999.0 99.0
96 01 29 14 100  8.6 10.2  1.66  6.25  4.77 999 1013.9  26.1  26.1 999.0 99.0
96 01 29 15  98  9.1 10.6  1.65  5.56  4.90 999 1014.3  26.6  26.2 999.0 99.0
96 01 29 16  92  8.7 10.1  1.68  6.25  4.82 999 1014.3  26.6  26.5 999.0 99.0
96 01 29 17  93 11.1 14.0  1.78  7.14  4.99 999 1013.6  25.4  26.5 999.0 99.0
96 01 29 18  88 10.9 13.2  2.18  7.14  5.30 999 1012.7  25.1  26.6 999.0 99.0
96 01 29 19  89 11.0 13.2  2.43  7.14  5.51 999 1011.9  25.3  26.6 999.0 99.0
96 01 29 20  84  9.9 11.9  2.39  7.69  5.60 999 1011.4  25.3  26.6 999.0 99.0
96 01 29 21  93 10.9 13.4  2.42  7.69  5.72 999 1011.3  25.8  26.6 999.0 99.0
96 01 29 22  87 10.8 13.3  2.49  8.33  5.80 999 1011.3  26.0  26.6 999.0 99.0
96 01 29 23  90  9.5 12.1  2.31  8.33  5.76 999 1011.7  25.7  26.6 999.0 99.0
96 01 30 00  87  9.3 11.9  2.36  8.33  5.71 999 1012.0  25.8  26.6 999.0 99.0
96 01 30 01  99 10.1 11.9  2.35 10.00  6.02 999 1012.6  26.1  26.1 999.0 99.0
96 01 30 02  98  8.5 11.6  2.49  8.33  5.99 999 1013.4  25.1  26.1 999.0 99.0
96 01 30 03  98  9.1 11.5  2.63  8.33  5.96 999 1013.6  26.1  26.1 999.0 99.0
96 01 30 04  99  9.4 11.6  2.70  9.09  6.07 999 1013.6  26.1  26.1 999.0 99.0
96 01 30 05  92  8.2 10.4  2.87  9.09  6.13 999 1013.4  26.2  26.1 999.0 99.0
96 01 30 06  94  9.2 11.1  2.91  9.09  6.20 999 1012.6  26.6  26.1 999.0 99.0
96 01 30 07  93  9.6 11.7  2.71  7.14  5.99 999 1011.9  26.6  26.1 999.0 99.0
96 01 30 08  90  9.1 11.2  2.57  7.69  5.78 999 1011.3  26.1  26.1 999.0 99.0
96 01 30 09  94  8.6 10.6  2.74  8.33  5.94 999 1011.3  26.1  26.1 999.0 99.0
96 01 30 10  89  9.0 10.9  2.51  8.33  5.82 999 1011.7  26.1  26.1 999.0 99.0
96 01 30 11  95  8.9 11.4  2.56  9.09  5.95 999 1012.2  26.1  26.1 999.0 99.0
96 01 30 12  95  8.5 10.5  2.49  8.33  5.82 999 1012.8  26.3  26.1 999.0 99.0
96 01 30 13 104  9.3 11.0  2.53  8.33  5.91 999 1013.4  26.6  26.1 999.0 99.0
96 01 30 14 108  9.3 12.1  2.54  8.33  5.76 999 1013.9  26.7  26.1 999.0 99.0
96 01 30 15 106  9.0 10.9  2.45  8.33  5.76 999 1014.3  26.8  26.1 999.0 99.0
96 01 30 16 101  8.5 10.5  2.32  8.33  5.83 999 1014.3  26.8  26.5 999.0 99.0
96 01 30 17 106  8.3  9.8  2.44  7.69  5.95 999 1013.6  26.8  26.6 999.0 99.0
96 01 30 18 105  8.4  9.9  2.35  7.69  5.79 999 1012.8  26.8  26.6 999.0 99.0
96 01 30 19 103  8.2 10.5  2.17  7.69  5.78 999 1011.8  26.8  26.6 999.0 99.0
96 01 30 20 106  8.6 10.1  2.24  8.33  5.91 999 1011.3  26.8  26.8 999.0 99.0
96 01 30 21 106  8.0 10.2  2.20  7.14  5.69 999 1011.3  26.8  26.8 999.0 99.0
96 01 30 22 100  7.8  9.4  2.10  7.69  5.62 999 1011.3  26.8  26.8 999.0 99.0
96 01 30 23  96  7.9  9.5  2.10  8.33  5.75 999 1011.9  26.6  26.8 999.0 99.0
96 01 31 00  98  7.9  9.8  2.02  8.33  5.56 999 1012.0  26.6  26.7 999.0 99.0
96 01 31 01  98  8.4 10.6  1.86  7.69  5.48 999 1012.5  26.6  26.7 999.0 99.0
96 01 31 02  95  9.1 11.6  1.81  8.33  5.31 999 1012.8  26.6  26.6 999.0 99.0
96 01 31 03  92  9.1 10.8  1.92  8.33  5.24 999 1013.1  26.6  26.6 999.0 99.0
96 01 31 04  95  9.1 11.2  1.94  8.33  5.27 999 1012.8  26.6  26.6 999.0 99.0
96 01 31 05 100  8.4 10.2  1.91  7.69  5.22 999 1012.7  26.6  26.6 999.0 99.0
96 01 31 06  96  9.3 12.6  1.86  7.69  5.16 999 1012.2  26.3  26.6 999.0 99.0
96 01 31 07  97  8.7 10.7  1.73  7.69  5.06 999 1011.7  26.6  26.6 999.0 99.0
96 01 31 08 101  8.0  9.7  1.97  7.69  5.39 999 1011.3  26.2  26.6 999.0 99.0
96 01 31 09 101  8.7 10.6  1.84  7.14  5.34 999 1011.1  26.1  26.6 999.0 99.0
96 01 31 10 100  8.0  9.4  1.89  8.33  5.43 999 1011.6  26.2  26.6 999.0 99.0
96 01 31 11  94  8.2 10.0  1.88  8.33  5.36 999 1011.9  26.2  26.6 999.0 99.0
96 01 31 12  95  9.0 10.8  1.94  7.69  5.35 999 1012.5  26.5  26.6 999.0 99.0
96 01 31 13 101  8.5 10.5  1.98  8.33  5.39 999 1013.4  26.6  26.6 999.0 99.0
96 01 31 14 101  7.9  9.2  1.80  8.33  5.27 999 1014.1  26.6  26.6 999.0 99.0
96 01 31 15 105  8.5 10.2  1.87  8.33  5.45 999 1014.3  26.8  26.7 999.0 99.0
96 01 31 16 101  8.0  9.6  1.78  8.33  5.41 999 1014.1  26.8  26.8 999.0 99.0
96 01 31 17  97  8.1  9.9  1.89  8.33  5.48 999 1013.4  26.6  26.8 999.0 99.0
96 01 31 18 103  8.4  9.7  1.98  8.33  5.60 999 1012.6  26.6  26.8 999.0 99.0
96 01 31 19 102  7.6  8.7  1.90  8.33  5.58 999 1011.3  26.6  26.8 999.0 99.0
96 01 31 20 107  7.7  9.1  1.86  8.33  5.49 999 1010.5  26.6  26.8 999.0 99.0
96 01 31 21 108  7.3  8.9  1.74  8.33  5.43 999 1010.5  26.6  26.8 999.0 99.0
96 01 31 22  99  7.0  8.2  1.87  7.69  5.76 999 1010.6  26.7  26.8 999.0 99.0
96 01 31 23 102  6.7  8.4  1.94  7.69  5.79 999 1011.1  26.6  26.8 999.0 99.0
96 02 01 00  95  7.2  8.6  1.90  8.33  5.80 999 1011.3  26.6  26.8 999.0 99.0
96 02 01 01  94  7.8  9.1  1.73  8.33  5.59 999 1012.0  26.6  26.8 999.0 99.0
96 02 01 02  94  7.9  9.6  1.91  8.33  5.69 999 1012.7  26.6  26.8 999.0 99.0
96 02 01 03  87  7.6  9.1  1.86  7.69  5.52 999 1013.5  26.6  26.8 999.0 99.0
96 02 01 04  93  7.8  9.5  1.92  8.33  5.66 999 1013.5  26.6  26.8 999.0 99.0
96 02 01 05  93  7.7  9.0  1.91  7.69  5.43 999 1013.5  26.6  26.8 999.0 99.0
96 02 01 06  90  7.1  8.4  1.73  8.33  5.38 999 1012.9  26.6  26.7 999.0 99.0
96 02 01 07  87  6.8  8.8  1.94  8.33  5.71 999 1012.5  26.1  26.6 999.0 99.0
96 02 01 08  96  7.7  9.2  1.90  8.33  5.56 999 1011.9  26.1  26.6 999.0 99.0
96 02 01 09 103  8.3  9.9  1.85  8.33  5.20 999 1011.7  26.1  26.6 999.0 99.0
96 02 01 10 104  8.6 10.0  1.79  8.33  5.23 999 1012.0  26.1  26.6 999.0 99.0
96 02 01 11 103  8.6 10.1  2.03  8.33  5.41 999 1012.5  26.1  26.6 999.0 99.0
96 02 01 12  97  7.9  9.4  1.96  8.33  5.31 999 1013.1  26.1  26.6 999.0 99.0
96 02 01 13 109  8.6 10.0  1.95  7.69  5.31 999 1013.7  26.6  26.6 999.0 99.0
96 02 01 14 107  9.2 11.9  2.06  8.33  5.41 999 1014.4  26.0  26.6 999.0 99.0
96 02 01 15 106  8.2  9.5  1.89  7.69  5.39 999 1015.0  26.6  26.3 999.0 99.0
96 02 01 16 105  8.2  9.5  2.13  7.69  5.67 999 1014.8  26.6  26.1 999.0 99.0
96 02 01 17 106  8.7 10.6  2.17  7.69  5.78 999 1014.2  26.1  26.1 999.0 99.0
96 02 01 18 101  8.0  9.7  2.24  8.33  5.91 999 1013.6  26.1  26.1 999.0 99.0
96 02 01 19 108  8.3 10.1  2.40  9.09  6.14 999 1012.7  26.2  26.1 999.0 99.0
96 02 01 20 102  7.8  9.3  2.34  8.33  6.06 999 1012.1  26.6  26.1 999.0 99.0
96 02 01 21  94  7.7  9.1  2.11  8.33  5.87 999 1012.1  25.9  26.1 999.0 99.0
96 02 01 22 100  7.6  9.2  2.25  8.33  5.76 999 1012.1  26.0  26.1 999.0 99.0
96 02 01 23  91  7.4  9.2  2.19  8.33  5.91 999 1012.7  26.0  26.1 999.0 99.0
96 02 02 00 101  9.1 11.4  2.29  8.33  5.95 999 1012.8  26.8  26.1 999.0 99.0
96 02 02 01 107  9.5 11.5  2.24  8.33  5.92 999 1013.4  26.8  26.6 999.0 99.0
96 02 02 02 101  9.8 11.8  2.15  8.33  5.55 999 1013.8  26.8  26.6 999.0 99.0
96 02 02 03 101  9.5 11.6  2.34  8.33  5.66 999 1014.1  26.8  26.6 999.0 99.0
96 02 02 04 107  9.9 12.0  2.49  8.33  5.78 999 1014.2  26.8  26.6 999.0 99.0
96 02 02 05 104  9.6 11.7  2.61  8.33  5.81 999 1014.1  26.8  26.6 999.0 99.0
96 02 02 06 112 10.8 13.6  2.54  9.09  5.82 999 1013.7  26.8  26.6 999.0 99.0
96 02 02 07 111 10.2 12.2  2.66  8.33  5.78 999 1013.4  26.7  26.6 999.0 99.0
96 02 02 08 111 10.5 12.4  2.57  8.33  5.83 999 1012.8  26.7  26.6 999.0 99.0
96 02 02 09 115 10.1 13.2  2.83  9.09  6.02 999 1012.8  26.6  26.6 999.0 99.0
96 02 02 10 114 10.9 14.1  2.74  8.33  5.97 999 1012.8  26.5  26.6 999.0 99.0
96 02 02 11 111 11.2 13.9  2.67  8.33  5.75 999 1013.3  26.6  26.6 999.0 99.0
96 02 02 12 113 11.8 14.4  2.71  9.09  5.69 999 1013.6  26.8  26.6 999.0 99.0
96 02 02 13 116 11.9 14.6  2.94  7.69  5.96 999 1014.4  26.9  26.6 999.0 99.0
96 02 02 14 115 11.0 13.3  2.91  8.33  5.85 999 1015.4  27.1  26.6 999.0 99.0
96 02 02 15 115 11.8 14.2  3.03  8.33  6.11 999 1015.6  27.4  26.6 999.0 99.0
96 02 02 16 108 10.6 13.2  2.97  8.33  6.02 999 1015.7  26.9  26.6 999.0 99.0
96 02 02 17 111 10.5 12.4  3.37  9.09  6.37 999 1015.2  27.0  26.7 999.0 99.0
96 02 02 18 106  9.9 12.4  3.19  9.09  6.27 999 1014.3  26.8  26.8 999.0 99.0
96 02 02 19 102 10.5 13.0  3.00  9.09  6.05 999 1013.4  26.9  26.8 999.0 99.0
96 02 02 20 106 10.4 12.5  3.06  9.09  6.31 999 1012.8  26.8  26.8 999.0 99.0
96 02 02 21 111  9.8 12.4  2.86  9.09  6.12 999 1012.6  26.9  26.8 999.0 99.0
96 02 02 22 112  9.6 11.7  3.02  9.09  6.42 999 1012.7  26.9  26.8 999.0 99.0
96 02 02 23 109  9.7 12.0  3.05  9.09  6.47 999 1012.8  26.8  26.8 999.0 99.0
96 02 03 00 106  9.7 12.0  2.97  9.09  6.33 999 1013.2  26.8  26.8 999.0 99.0
96 02 03 01 106 10.4 12.1  3.20  9.09  6.74 999 1013.6  26.8  26.7 999.0 99.0
96 02 03 02 105 10.8 13.1  2.97  8.33  6.26 999 1013.9  26.8  26.7 999.0 99.0
96 02 03 03 106 10.9 12.9  3.24  8.33  6.46 999 1014.2  26.8  26.7 999.0 99.0
96 02 03 04 104  9.6 11.5  3.04  9.09  6.36 999 1014.3  26.6  26.7 999.0 99.0
96 02 03 05 106 10.0 12.2  2.99  9.09  6.23 999 1014.4  26.8  26.6 999.0 99.0
96 02 03 06 109 10.4 12.3  2.90  9.09  6.38 999 1013.7  26.7  26.6 999.0 99.0
96 02 03 07 111  9.7 12.2  3.21  9.09  6.66 999 1013.4  26.6  26.6 999.0 99.0
96 02 03 08 109 10.9 12.8  2.68  9.09  5.88 999 1012.9  26.6  26.6 999.0 99.0
96 02 03 09 112 10.6 13.0  2.92  9.09  6.20 999 1013.1  26.8  26.6 999.0 99.0
96 02 03 10 106 10.8 12.7  2.83  9.09  6.07 999 1013.4  26.6  26.6 999.0 99.0
96 02 03 11 105 10.7 12.6  2.87  9.09  6.12 999 1013.7  26.6  26.6 999.0 99.0
96 02 03 12 107 10.4 13.1  2.82  9.09  6.13 999 1014.2  26.7  26.6 999.0 99.0
96 02 03 13 104 11.6 13.7  2.69  8.33  5.87 999 1014.6  26.8  26.6 999.0 99.0
96 02 03 14 103 10.5 12.9  2.87  8.33  5.91 999 1015.6  26.9  26.6 999.0 99.0
96 02 03 15 108 10.1 12.7  3.14  9.09  6.29 999 1016.0  26.9  26.6 999.0 99.0
96 02 03 16 105 10.7 12.6  2.96  9.09  6.33 999 1015.8  26.9  26.6 999.0 99.0
96 02 03 17 103  9.7 11.6  2.92  9.09  6.38 999 1015.3  26.8  26.6 999.0 99.0
96 02 03 18 103  9.4 11.2  2.93  9.09  6.50 999 1014.4  26.8  26.6 999.0 99.0
96 02 03 19 105  9.4 11.3  3.01  9.09  6.37 999 1013.7  26.9  26.6 999.0 99.0
96 02 03 20 104  9.1 11.2  2.89  9.09  6.29 999 1013.2  26.9  26.8 999.0 99.0
96 02 03 21 100  9.4 11.7  2.65  8.33  6.19 999 1012.8  26.9  26.7 999.0 99.0
96 02 03 22  97  8.9 11.0  2.65  9.09  6.33 999 1013.0  26.7  26.6 999.0 99.0
96 02 03 23  92  8.9 10.9  2.92  9.09  6.59 999 1013.5  26.8  26.6 999.0 99.0
96 02 04 00  89  8.9 10.9  2.93  8.33  6.59 999 1014.2  26.8  26.6 999.0 99.0
96 02 04 01  85  9.5 11.2  2.60  9.09  6.43 999 1014.8  26.6  26.6 999.0 99.0
96 02 04 02  84  9.2 10.8  2.54  9.09  6.43 999 1015.2  26.6  26.6 999.0 99.0
96 02 04 03  82  8.6 10.1  2.53  9.09  6.17 999 1015.5  26.6  26.6 999.0 99.0
96 02 04 04  89  8.9 10.4  2.71  9.09  6.21 999 1015.4  26.6  26.6 999.0 99.0
96 02 04 05  87  8.8 10.7  2.98  9.09  6.57 999 1015.4  26.6  26.6 999.0 99.0
96 02 04 06  85  9.3 11.5  2.84  8.33  6.39 999 1015.2  26.6  26.6 999.0 99.0
96 02 04 07  90  6.8  9.0  2.52  9.09  6.20 999 1015.0  26.6  26.6 999.0 99.0
96 02 04 08  73  8.0  9.4  2.74  9.09  6.40 999 1014.4  26.0  26.6 999.0 99.0
96 02 04 09  86  8.6 10.7  2.72  9.09  6.38 999 1014.4  26.6  26.6 999.0 99.0
96 02 04 10  83  8.7 10.6  2.39  9.09  6.05 999 1014.5  26.6  26.6 999.0 99.0
96 02 04 11  67  9.2 11.3  2.66  9.09  6.33 999 1015.0  26.2  26.6 999.0 99.0
96 02 04 12  86  8.1 10.6  2.38  9.09  6.16 999 1015.6  26.6  26.6 999.0 99.0
96 02 04 13  86  8.1  9.9  2.43  9.09  6.17 999 1016.1  26.6  26.6 999.0 99.0
96 02 04 14  86  8.1  9.9  2.47  9.09  6.19 999 1016.6  26.8  26.7 999.0 99.0
96 02 04 15  97  8.6 10.8  2.13  8.33  5.97 999 1016.8  26.8  26.8 999.0 99.0
96 02 04 16  96  8.9 10.3  2.40  9.09  6.13 999 1016.7  26.8  26.8 999.0 99.0
96 02 04 17  90  7.8  9.7  2.23  9.09  6.11 999 1016.4  26.8  26.8 999.0 99.0
96 02 04 18  86  8.7 10.3  2.30  9.09  5.98 999 1015.3  26.6  26.8 999.0 99.0
96 02 04 19  85  8.4  9.9  2.38  9.09  6.11 999 1014.4  26.9  26.8 999.0 99.0
96 02 04 20  83  8.2 10.2  2.47  9.09  6.22 999 1014.0  26.6  26.8 999.0 99.0
96 02 04 21  84  8.4 10.1  2.12  9.09  6.01 999 1013.6  26.8  26.9 999.0 99.0
96 02 04 22  85  8.2 10.0  2.15  9.09  5.83 999 1013.7  26.8  26.8 999.0 99.0
96 02 04 23  84  8.0 10.0  2.27  9.09  6.01 999 1014.0  26.7  26.8 999.0 99.0
96 02 05 00  86  7.9  9.7  2.23  9.09  5.91 999 1014.4  26.8  26.8 999.0 99.0
96 02 05 01  83  7.9  9.4  2.24  8.33  5.90 999 1015.2  26.5  26.8 999.0 99.0
96 02 05 02  84  9.5 11.0  2.19  9.09  5.74 999 1015.7  26.6  26.8 999.0 99.0
96 02 05 03  81  9.5 11.4  2.22  9.09  5.82 999 1015.9  26.6  26.8 999.0 99.0
96 02 05 04  92  8.9 10.9  2.34  9.09  5.89 999 1016.0  26.6  26.8 999.0 99.0
96 02 05 05  82  8.1  9.7  2.21  9.09  5.82 999 1015.9  26.6  26.8 999.0 99.0
96 02 05 06  95  8.7 10.4  2.34  8.33  5.93 999 1015.6  26.6  26.8 999.0 99.0
96 02 05 07  88  8.3 10.2  2.21  9.09  5.81 999 1015.1  26.6  26.8 999.0 99.0
96 02 05 08  91  8.5 10.3  2.08  9.09  5.72 999 1015.0  26.6  26.8 999.0 99.0
96 02 05 09  86  8.0  9.8  2.13  7.14  5.83 999 1014.7  26.5  26.8 999.0 99.0
96 02 05 10  80  8.6 10.0  2.08  8.33  5.65 999 1015.0  26.6  26.8 999.0 99.0
96 02 05 11  82  8.8 11.0  2.09  8.33  5.54 999 1015.3  25.7  26.8 999.0 99.0
96 02 05 12  71  8.6 10.5  2.06 10.00  5.68 999 1015.9  26.1  26.8 999.0 99.0
96 02 05 13  68  8.8 10.8  2.12  9.09  5.71 999 1016.6  26.2  26.8 999.0 99.0
96 02 05 14  85  8.9 10.4  2.07  7.14  5.63 999 1016.8  26.1  26.8 999.0 99.0
96 02 05 15  85 10.0 12.1  2.09  8.33  5.53 999 1017.1  26.8  26.8 999.0 99.0
96 02 05 16  83  9.9 12.3  2.15  6.67  5.38 999 1016.9  26.8  26.8 999.0 99.0
96 02 05 17  82  9.4 11.5  2.10 10.00  5.46 999 1016.5  26.8  26.8 999.0 99.0
96 02 05 18  81  9.0 11.1  2.17  6.67  5.52 999 1015.4  26.8  26.8 999.0 99.0
96 02 05 19  84  8.2 10.1  2.20  8.33  5.73 999 1014.4  26.8  26.8 999.0 99.0
96 02 05 20  78  8.0  9.8  2.18  6.67  5.58 999 1013.7  26.8  26.8 999.0 99.0
96 02 05 21  81  8.1 10.0  2.26  8.33  5.74 999 1013.4  26.8  26.8 999.0 99.0
96 02 05 22  81  8.7 10.2  2.27  7.69  5.81 999 1013.1  26.8  26.8 999.0 99.0
96 02 05 23  84  8.5 10.5  2.14  8.33  5.81 999 1013.5  26.7  26.8 999.0 99.0
96 02 06 00  75  8.9 10.4  2.34  7.69  5.73 999 1013.7  26.6  26.8 999.0 99.0
96 02 06 01  76  9.2 10.8  2.24  8.33  5.90 999 1013.8  26.8  26.8 999.0 99.0
96 02 06 02  67  8.1 10.1  2.44  8.33  5.87 999 1014.4  26.2  26.8 999.0 99.0
96 02 06 03  68  9.1 11.0  2.49  9.09  6.07 999 1014.6  26.1  26.8 999.0 99.0
96 02 06 04  63  8.5 10.4  2.48  7.69  5.92 999 1014.4  25.8  26.8 999.0 99.0
96 02 06 05  78  7.8  9.5  2.28  9.09  5.96 999 1014.3  26.6  26.8 999.0 99.0
96 02 06 06  80  7.8  9.4  2.34  8.33  6.17 999 1013.7  26.4  26.8 999.0 99.0
96 02 06 07  77  7.5  9.0  2.20  8.33  5.94 999 1012.8  26.1  26.8 999.0 99.0
96 02 06 08  77  6.3  7.8  2.28  9.09  6.13 999 1012.5  25.8  26.8 999.0 99.0
96 02 06 09  84  7.3  9.2  2.37  8.33  6.25 999 1012.3  26.1  26.8 999.0 99.0
96 02 06 10  80  7.7  9.2  2.20  7.69  6.15 999 1012.3  25.9  26.8 999.0 99.0
96 02 06 11  76  8.9 10.9  2.24  8.33  6.21 999 1012.8  25.9  26.8 999.0 99.0
96 02 06 12  78  8.8 10.6  2.45  8.33  6.05 999 1013.7  25.8  26.8 999.0 99.0
96 02 06 13  90  8.8 10.9  2.34  7.69  5.77 999 1014.0  26.5  26.8 999.0 99.0
96 02 06 14  80  8.3 10.5  2.39  7.69  5.95 999 1014.5  26.4  26.8 999.0 99.0
96 02 06 15  83  8.7 11.5  2.39  7.69  5.97 999 1014.9  26.7  26.8 999.0 99.0
96 02 06 16  89  8.2  9.6  2.48  7.69  6.02 999 1014.6  26.6  26.8 999.0 99.0
96 02 06 17  89  8.7 10.9  2.41  8.33  5.92 999 1014.2  26.8  26.8 999.0 99.0
96 02 06 18  85  8.5 10.0  2.49  8.33  6.05 999 1013.5  26.6  26.8 999.0 99.0
96 02 06 19  84  7.8  9.4  2.42  7.14  5.91 999 1012.6  26.7  26.9 999.0 99.0
96 02 06 20  96  8.1  9.5  2.33  7.69  5.81 999 1011.9  26.8  26.9 999.0 99.0
96 02 06 21 100  7.6  9.2  2.69  8.33  6.31 999 1011.8  26.7  26.9 999.0 99.0
96 02 06 22  96  7.5  9.2  2.31  7.14  6.06 999 1011.9  26.6  26.8 999.0 99.0
96 02 06 23  86  6.4  7.8  2.21  8.33  5.83 999 1012.2  26.6  26.8 999.0 99.0
96 02 07 00  80  6.6  7.9  2.20  7.69  6.06 999 1012.7  26.6  26.8 999.0 99.0
96 02 07 01  88  6.4  7.8  2.38  8.33  6.31 999 1013.4  26.6  26.8 999.0 99.0
96 02 07 02  78  8.0  9.6  2.24  8.33  6.11 999 1013.7  26.6  26.8 999.0 99.0
96 02 07 03  72  7.1  8.7  2.15  8.33  6.01 999 1014.2  26.6  26.8 999.0 99.0
96 02 07 04  71  8.7 10.3  2.25  8.33  6.27 999 1013.8  26.1  26.8 999.0 99.0
96 02 07 05  77  7.5  9.0  2.18  8.33  6.08 999 1013.5  26.1  26.8 999.0 99.0
96 02 07 06  80  7.8  9.5  2.09  8.33  5.74 999 1012.9  26.1  26.8 999.0 99.0
96 02 07 07  79  7.4  9.1  2.13  8.33  5.91 999 1012.4  26.1  26.8 999.0 99.0
96 02 07 08  77  7.6  9.0  2.04 10.00  5.94 999 1012.0  26.1  26.8 999.0 99.0
96 02 07 09  77  7.8  9.6  2.06  8.33  6.03 999 1011.4  26.0  26.8 999.0 99.0
96 02 07 10  73  7.1  8.3  1.91  8.33  5.76 999 1011.9  26.1  26.8 999.0 99.0
96 02 07 11  78  7.0  8.4  1.88  9.09  5.73 999 1012.1  26.1  26.8 999.0 99.0
96 02 07 12  86  7.3  9.1  1.98  8.33  5.90 999 1012.4  26.1  26.8 999.0 99.0
96 02 07 13  92  7.3  8.9  1.85  8.33  5.83 999 1012.9  26.5  26.8 999.0 99.0
96 02 07 14  89  7.2  8.6  1.92  8.33  5.74 999 1013.8  26.6  26.8 999.0 99.0
96 02 07 15  94  7.0  8.5  1.75  8.33  5.72 999 1014.3  26.7  26.8 999.0 99.0
96 02 07 16  93  6.6  8.2  2.00  9.09  6.21 999 1014.2  26.6  26.8 999.0 99.0
96 02 07 17  97  6.7  8.2  1.84  9.09  6.14 999 1013.7  26.6  26.9 999.0 99.0
96 02 07 18  93  5.8  6.9  1.84  8.33  6.05 999 1012.9  26.6  26.9 999.0 99.0
96 02 07 19 100  5.6  7.5  1.87  8.33  6.25 999 1012.1  25.8  26.9 999.0 99.0
96 02 07 20  91  6.5  7.6  1.73  9.09  6.14 999 1011.3  26.6  26.9 999.0 99.0
96 02 07 21  88  5.9  7.5  1.80  8.33  5.84 999 1011.1  26.6  26.9 999.0 99.0
96 02 07 22  88  6.1  7.6  1.84  8.33  6.24 999 1011.2  26.7  26.9 999.0 99.0
96 02 07 23  83  6.0  7.2  1.80  7.69  6.05 999 1011.4  26.6  26.9 999.0 99.0
96 02 08 00  90  6.5  8.2  1.81  8.33  6.11 999 1012.0  25.4  26.9 999.0 99.0
96 02 08 01  80  6.8  8.2  1.79  7.69  5.96 999 1012.6  26.6  26.8 999.0 99.0
96 02 08 02  83  6.8  8.1  1.83  7.69  5.96 999 1012.9  26.6  26.8 999.0 99.0
96 02 08 03  83  6.4  7.6  1.90  7.69  5.99 999 1013.5  26.4  26.8 999.0 99.0
96 02 08 04  78  6.2  8.2  1.89  7.69  6.08 999 1013.8  26.3  26.8 999.0 99.0
96 02 08 05  76  6.9  8.0  1.94  7.69  6.15 999 1013.6  26.2  26.8 999.0 99.0
96 02 08 06  73  6.6  8.1  1.96  9.09  6.25 999 1013.1  26.1  26.8 999.0 99.0
96 02 08 07  82  6.1  7.5  1.76  7.69  6.01 999 1012.6  26.1  26.8 999.0 99.0
96 02 08 08  82  6.6  7.6  1.69  7.69  5.94 999 1012.0  25.9  26.8 999.0 99.0
96 02 08 09  79  6.4  7.7  1.71 11.11  5.87 999 1012.0  26.1  26.8 999.0 99.0
96 02 08 10  81  6.4  7.7  1.63  8.33  5.78 999 1012.3  26.1  26.8 999.0 99.0
96 02 08 11  90  7.2  8.7  1.65  7.69  5.67 999 1012.7  26.1  26.8 999.0 99.0
96 02 08 12  90  6.6  8.0  1.71  7.69  5.75 999 1013.5  26.1  26.8 999.0 99.0
96 02 08 13  90  6.1  7.2  1.56 11.11  5.56 999 1013.9  26.6  26.8 999.0 99.0
96 02 08 14  84  6.4  7.6  1.68 11.11  5.83 999 1014.4  26.6  26.8 999.0 99.0
96 02 08 15  80  6.1  7.9  1.57 11.11  5.71 999 1015.0  26.6  26.8 999.0 99.0
96 02 08 16  86  6.8  8.2  1.58 11.11  5.72 999 1014.4  26.6  26.8 999.0 99.0
96 02 08 17  92  6.5  7.6  1.55  7.69  5.50 999 1014.1  26.6  26.8 999.0 99.0
96 02 08 18  87  6.3  7.8  1.52  8.33  5.53 999 1013.4  26.6  26.9 999.0 99.0
96 02 08 19  78  6.3  7.3  1.51 11.11  5.48 999 1012.4  26.6  26.9 999.0 99.0
96 02 08 20  79  6.2  7.4  1.45  7.14  5.45 999 1011.9  26.6  26.9 999.0 99.0
96 02 08 21  80  5.7  7.3  1.55 11.11  5.32 999 1011.7  26.6  26.9 999.0 99.0
96 02 08 22  84  6.1  7.4  1.47 11.11  5.51 999 1011.9  26.6  26.9 999.0 99.0
96 02 08 23  81  6.7  8.1  1.46 11.11  5.56 999 1012.0  26.6  26.8 999.0 99.0
96 02 09 00  79  6.8  8.1  1.45 11.11  5.55 999 1012.1  26.6  26.8 999.0 99.0
96 02 09 01  81  7.0  8.3  1.43 11.11  5.29 999 1012.8  26.6  26.8 999.0 99.0
96 02 09 02  77  6.7  7.7  1.50 11.11  5.40 999 1013.5  26.6  26.8 999.0 99.0
96 02 09 03  77  6.4  7.7  1.56 11.11  5.49 999 1013.7  26.6  26.8 999.0 99.0
96 02 09 04  80  6.7  8.1  1.49 11.11  5.32 999 1013.9  26.6  26.8 999.0 99.0
96 02 09 05  85  6.7  7.9  1.51 11.11  5.38 999 1013.9  26.6  26.8 999.0 99.0
96 02 09 06  81  6.5  7.7  1.59 11.11  5.40 999 1013.6  26.4  26.8 999.0 99.0
96 02 09 07  82  6.4  7.9  1.54 11.11  5.50 999 1013.4  26.1  26.8 999.0 99.0
96 02 09 08  86  6.5  7.7  1.40  6.67  5.22 999 1012.8  26.1  26.8 999.0 99.0
96 02 09 09  79  6.7  8.1  1.43  7.14  5.08 999 1012.6  26.1  26.8 999.0 99.0
96 02 09 10  85  6.4  8.3  1.50  5.88  5.26 999 1012.6  26.1  26.8 999.0 99.0
96 02 09 11  83  6.4  7.8  1.49  5.88  5.25 999 1013.2  26.1  26.8 999.0 99.0
96 02 09 12  78  6.4  7.7  1.39 11.11  5.11 999 1014.2  26.1  26.8 999.0 99.0
96 02 09 13  81  6.2  7.8  1.46 11.11  5.23 999 1015.0  26.6  26.8 999.0 99.0
96 02 09 14 999 99.0 99.0 99.00 99.00 99.00 999 9999.0 999.0 999.0 999.0 99.0
96 02 09 15  84  6.4  7.9  1.43  6.67  5.18 999 1016.2  26.6  26.8 999.0 99.0
96 02 09 16  93  6.4  7.6  1.50 11.11  5.32 999 1016.0  26.6  26.8 999.0 99.0
96 02 09 17  91  6.5  7.4  1.58 11.11  5.59 999 1015.2  26.6  26.8 999.0 99.0
96 02 09 18  88  5.8  6.9  1.54 11.11  5.44 999 1014.8  26.6  26.9 999.0 99.0
96 02 09 19  88  5.6  6.4  1.65  7.14  5.49 999 1013.6  26.6  26.9 999.0 99.0
96 02 09 20  93  6.4  7.9  1.53  5.56  5.30 999 1012.8  26.8  26.9 999.0 99.0
96 02 09 21  93  6.1  7.6  1.58  5.56  5.30 999 1012.6  26.8  26.9 999.0 99.0
96 02 09 22  83  6.1  7.2  1.53 11.11  5.36 999 1012.5  26.8  26.9 999.0 99.0
96 02 09 23  87  6.6  7.8  1.55  6.25  5.36 999 1012.7  26.6  26.9 999.0 99.0
96 02 10 00  80  6.5  7.9  1.59  6.25  5.48 999 1013.4  26.6  26.8 999.0 99.0
96 02 10 01  82  6.5  7.9  1.59 11.11  5.39 999 1014.0  26.6  26.8 999.0 99.0
96 02 10 02  89  6.6  7.6  1.50 11.11  5.38 999 1014.4  26.6  26.8 999.0 99.0
96 02 10 03  88  7.2  8.3  1.53 11.11  5.33 999 1014.4  26.6  26.8 999.0 99.0
96 02 10 04  87  7.4  8.6  1.46 11.11  5.15 999 1014.3  26.6  26.8 999.0 99.0
96 02 10 05  92  7.3  9.0  1.60  6.67  5.24 999 1014.2  26.6  26.8 999.0 99.0
96 02 10 06 999 99.0 99.0 99.00 99.00 99.00 999 9999.0 999.0 999.0 999.0 99.0
96 02 10 07  82  7.8  9.1  1.46  6.25  5.02 999 1012.8  26.1  26.8 999.0 99.0
96 02 10 08  83  7.1  8.5  1.44  6.25  4.96 999 1012.7  26.1  26.8 999.0 99.0
96 02 10 09  73  6.7  8.1  1.46  6.25  5.04 999 1012.7  26.1  26.8 999.0 99.0
96 02 10 10  74  7.4  9.1  1.58  6.25  5.11 999 1012.7  26.1  26.8 999.0 99.0
96 02 10 11  74  7.4  8.5  1.40  6.25  5.00 999 1013.5  26.1  26.8 999.0 99.0
96 02 10 12 999 99.0 99.0 99.00 99.00 99.00 999 9999.0 999.0 999.0 999.0 99.0
96 02 10 13  72  7.3  8.9  1.55  5.88  4.94 999 1015.3  26.6  26.8 999.0 99.0
96 02 10 14  76  7.9  9.5  1.46  5.88  5.04 999 1016.0  26.3  26.8 999.0 99.0
96 02 10 15  78  7.4  9.4  1.53  5.88  4.89 999 1016.6  26.6  26.8 999.0 99.0
96 02 10 16  83  7.0  8.7  1.36  5.56  4.79 999 1016.0  26.8  26.8 999.0 99.0
96 02 10 17  81  7.1  9.0  1.50  5.88  4.96 999 1015.4  26.6  26.9 999.0 99.0
96 02 10 18  76  6.9  8.7  1.46  5.56  4.93 999 1014.4  26.6  26.9 999.0 99.0
96 02 10 19  75  6.8  8.0  1.49  5.88  4.95 999 1013.7  26.6  26.9 999.0 99.0
96 02 10 20  72  7.3  8.7  1.49  5.88  4.98 999 1013.0  26.6  26.9 999.0 99.0
96 02 10 21  71  7.1  8.3  1.42  6.25  4.80 999 1012.8  26.7  26.9 999.0 99.0
96 02 10 22  79  7.1  8.5  1.44  5.88  4.85 999 1012.6  26.8  26.9 999.0 99.0
96 02 10 23  80  7.7  9.2  1.39  5.88  4.77 999 1012.6  26.6  26.9 999.0 99.0
96 02 11 00  75  7.8  9.5  1.51  5.88  4.81 999 1012.9  26.6  26.8 999.0 99.0
96 02 11 01  82  8.0  9.6  1.38  5.56  4.68 999 1013.5  26.6  26.8 999.0 99.0
96 02 11 02  76  7.8  9.0  1.53  6.25  4.80 999 1014.2  26.6  26.8 999.0 99.0
96 02 11 03  82  7.6  8.6  1.50  6.25  4.80 999 1014.3  26.6  26.8 999.0 99.0
96 02 11 04  82  7.7  9.3  1.51  6.25  4.74 999 1014.3  26.6  26.8 999.0 99.0
96 02 11 05  90  8.5 10.1  1.53  6.25  4.81 999 1013.9  26.6  26.8 999.0 99.0
96 02 11 06  93  7.9  9.4  1.46  6.25  4.72 999 1013.5  26.5  26.8 999.0 99.0
96 02 11 07  89  7.4  9.2  1.68  6.25  4.93 999 1012.8  26.5  26.8 999.0 99.0
96 02 11 08  96  8.3  9.6  1.61  6.25  4.93 999 1012.1  26.6  26.8 999.0 99.0
96 02 11 09  99  8.2  9.6  1.54  5.88  4.78 999 1012.0  26.6  26.8 999.0 99.0
96 02 11 10  91  7.8  9.1  1.56  6.25  4.81 999 1012.0  26.6  26.8 999.0 99.0
96 02 11 11  91  8.0  9.2  1.53  5.88  4.77 999 1012.6  26.6  26.8 999.0 99.0
96 02 11 12  93  8.1  9.4  1.54  5.88  4.79 999 1012.9  26.6  26.8 999.0 99.0
96 02 11 13  94  8.6 10.3  1.59  5.88  4.75 999 1013.6  26.6  26.8 999.0 99.0
96 02 11 14  94  8.6 10.5  1.66  6.25  4.79 999 1014.2  26.8  26.8 999.0 99.0
96 02 11 15  85  8.0  9.5  1.50  6.25  4.73 999 1014.4  26.8  26.8 999.0 99.0
96 02 11 16  82  7.9  9.6  1.55  6.25  4.94 999 1014.2  26.8  26.8 999.0 99.0
96 02 11 17  91  8.2  9.7  1.74  6.25  5.01 999 1013.6  26.8  26.8 999.0 99.0
96 02 11 18  90  7.9  9.3  1.67  6.67  5.02 999 1013.0  26.8  26.8 999.0 99.0
96 02 11 19  85  7.2  8.8  1.73  6.67  5.09 999 1012.6  26.8  26.8 999.0 99.0
96 02 11 20  81  7.1  8.8  1.68  6.67  5.12 999 1012.0  26.8  26.8 999.0 99.0
96 02 11 21  79  7.5  8.9  1.71  6.67  5.00 999 1011.9  26.8  26.8 999.0 99.0
96 02 11 22  80  8.3  9.7  1.64  6.67  4.99 999 1012.0  26.8  26.8 999.0 99.0
96 02 11 23 999 99.0 99.0 99.00 99.00 99.00 999 9999.0 999.0 999.0 999.0 99.0
96 02 12 00  78  8.4 10.0  1.72  7.14  5.01 999 1012.6  26.6  26.8 999.0 99.0
96 02 12 01  79  7.9  9.0  1.79  6.67  5.07 999 1013.5  26.6  26.8 999.0 99.0
96 02 12 02  96 10.1 12.6  1.73  6.67  4.92 999 1013.6  26.6  26.8 999.0 99.0
96 02 12 03  92  7.8  9.5  1.79  6.67  5.09 999 1013.7  26.5  26.8 999.0 99.0
96 02 12 04  94  9.1 10.6  1.68  6.67  4.92 999 1013.5  26.6  26.8 999.0 99.0
96 02 12 05  93  9.1 10.8  1.80  6.67  5.12 999 1013.5  26.6  26.8 999.0 99.0
96 02 12 06  91  8.4 10.3  1.73  6.67  4.84 999 1013.2  26.6  26.8 999.0 99.0
96 02 12 07  93  7.7  9.2  1.73  6.67  5.03 999 1012.7  26.6  26.8 999.0 99.0
96 02 12 08  88  7.8  9.5  1.76  6.67  5.10 999 1012.5  26.6  26.8 999.0 99.0
96 02 12 09  85  8.1  9.4  1.81  6.67  5.16 999 1012.3  26.6  26.8 999.0 99.0
96 02 12 10  87  7.7  9.6  1.71  7.14  5.05 999 1012.4  26.6  26.8 999.0 99.0
96 02 12 11  87  8.2  9.5  1.84  7.14  5.27 999 1012.8  26.6  26.8 999.0 99.0
96 02 12 12  91  7.7  9.9  1.68  7.14  5.18 999 1013.7  26.6  26.8 999.0 99.0
96 02 12 13  92  7.5  9.0  1.80  7.14  5.21 999 1014.6  26.6  26.8 999.0 99.0
96 02 12 14  86  7.0  9.2  1.74  7.14  5.13 999 1015.1  26.8  26.8 999.0 99.0
96 02 12 15  85  7.5  9.1  1.68  7.14  5.05 999 1015.5  26.9  26.8 999.0 99.0
96 02 12 16  81  7.4  8.9  1.68  7.14  5.32 999 1015.2  26.9  26.8 999.0 99.0
96 02 12 17  79  8.0  9.7  1.76  7.14  5.29 999 1014.4  26.8  26.8 999.0 99.0
96 02 12 18  83  7.4  9.3  1.73  7.14  5.24 999 1013.6  26.8  26.8 999.0 99.0
96 02 12 19  85  7.5  9.2  1.89  7.14  5.50 999 1012.7  26.8  26.9 999.0 99.0
96 02 12 20  87  8.0  9.6  1.70  7.14  5.20 999 1011.9  26.8  26.9 999.0 99.0
96 02 12 21  82  7.8  9.4  1.71  7.14  5.05 999 1011.6  26.9  26.9 999.0 99.0
96 02 12 22  85  7.6  9.2  1.76  7.14  5.21 999 1011.9  26.9  26.9 999.0 99.0
96 02 12 23  78  8.1  9.5  1.89  7.14  5.33 999 1012.1  26.8  26.9 999.0 99.0
96 02 13 00  73  7.8  9.1  1.71  6.67  5.07 999 1012.7  26.8  26.8 999.0 99.0
96 02 13 01  80  8.2  9.9  1.55  7.14  5.01 999 1013.3  26.8  26.8 999.0 99.0
96 02 13 02  77  8.0  9.7  1.79  7.14  5.22 999 1013.9  26.8  26.9 999.0 99.0
96 02 13 03  82  7.6  9.4  1.70  7.14  5.07 999 1014.4  26.6  26.9 999.0 99.0
96 02 13 04  80  7.6  8.9  1.65  7.14  5.11 999 1014.4  26.6  26.9 999.0 99.0
96 02 13 05  80  7.3  8.7  1.66  6.67  5.04 999 1014.3  26.6  26.8 999.0 99.0
96 02 13 06  81  6.9  8.3  1.76  7.14  5.09 999 1014.3  26.6  26.8 999.0 99.0
96 02 13 07  78  7.1  8.6  1.69  7.14  5.11 999 1013.7  26.6  26.8 999.0 99.0
96 02 13 08  72  7.0  8.5  1.71  7.14  5.17 999 1013.0  26.6  26.8 999.0 99.0
96 02 13 09  73  7.7  8.9  1.71  7.14  5.39 999 1012.8  26.6  26.8 999.0 99.0
96 02 13 10  68  7.8  8.9  1.58  7.14  4.99 999 1012.9  26.6  26.8 999.0 99.0
96 02 13 11  65  7.6  9.0  1.73  7.14  5.19 999 1013.7  26.6  26.8 999.0 99.0
96 02 13 12  67  8.2  9.8  1.60  7.14  4.97 999 1014.3  26.6  26.8 999.0 99.0
96 02 13 13  69  8.2 10.2  1.52  7.14  5.02 999 1015.0  26.6  26.8 999.0 99.0
96 02 13 14  77  7.8  9.6  1.55  7.14  5.12 999 1015.8  26.8  26.8 999.0 99.0
96 02 13 15  75  7.9  9.4  1.61  7.14  5.10 999 1016.4  26.8  26.8 999.0 99.0
96 02 13 16  78  7.9  9.5  1.60  6.67  5.04 999 1016.1  26.8  26.8 999.0 99.0
96 02 13 17  82  7.7  8.8  1.70  7.14  5.14 999 1015.7  26.8  26.8 999.0 99.0
96 02 13 18  79  7.5  8.8  1.69  7.14  5.03 999 1015.0  26.8  26.8 999.0 99.0
96 02 13 19  77  7.1  8.4  1.57  7.14  4.95 999 1013.7  26.8  26.8 999.0 99.0
96 02 13 20  82  7.2  8.2  1.53  7.14  5.01 999 1013.0  26.8  26.8 999.0 99.0
96 02 13 21  77  7.3  8.5  1.61  6.67  4.97 999 1012.9  26.8  26.8 999.0 99.0
96 02 13 22  75  7.2  8.5  1.55  7.14  4.90 999 1013.4  26.9  26.9 999.0 99.0
96 02 13 23  73  7.4  8.9  1.54  6.67  4.99 999 1013.5  26.8  26.8 999.0 99.0
96 02 14 00  72  8.0 10.0  1.57  7.14  4.97 999 1013.6  26.8  26.8 999.0 99.0
96 02 14 01  78  8.6 10.3  1.80  7.14  5.13 999 1014.3  26.8  26.8 999.0 99.0
96 02 14 02  78  8.0  9.8  1.72  7.14  5.17 999 1014.6  26.7  26.8 999.0 99.0
96 02 14 03  70  8.6 10.6  1.79  7.14  5.01 999 1014.7  26.8  26.8 999.0 99.0
96 02 14 04  70  8.9 10.3  1.72  7.14  5.04 999 1014.4  26.2  26.8 999.0 99.0
96 02 14 05  76  8.8 10.2  1.84  7.14  5.14 999 1014.1  26.1  26.8 999.0 99.0
96 02 14 06  88  8.5 10.6  1.92  7.14  5.24 999 1013.6  26.1  26.8 999.0 99.0
96 02 14 07  82  8.9 10.7  1.95  7.69  5.12 999 1012.7  26.1  26.8 999.0 99.0
96 02 14 08  93  8.9 10.7  1.92  7.14  5.24 999 1012.5  26.4  26.8 999.0 99.0
96 02 14 09  94  7.9  9.4  1.82  7.14  5.16 999 1012.6  26.5  26.8 999.0 99.0
96 02 14 10  94  7.7  9.2  2.01  6.67  5.37 999 1012.7  26.4  26.8 999.0 99.0
96 02 14 11 101  8.3 10.0  2.08  6.67  5.31 999 1013.0  26.6  26.8 999.0 99.0
96 02 14 12  94  8.2  9.7  2.16  7.14  5.61 999 1013.6  26.6  26.8 999.0 99.0
96 02 14 13  96  8.5 10.1  2.00  7.14  5.39 999 1014.0  26.6  26.8 999.0 99.0
96 02 14 14 104  8.7 10.6  2.04  7.14  5.38 999 1014.5  26.8  26.8 999.0 99.0
96 02 14 15  98  8.9 10.3  2.24  7.14  5.48 999 1014.7  26.8  26.8 999.0 99.0
96 02 14 16  97  9.5 11.4  2.11  7.14  5.37 999 1014.3  26.6  26.8 999.0 99.0
96 02 14 17  91  9.1 11.0  2.04  7.14  5.29 999 1013.6  26.6  26.8 999.0 99.0
96 02 14 18  93  9.0 10.9  2.14  7.14  5.33 999 1012.8  26.6  26.8 999.0 99.0
96 02 14 19  92  9.4 10.9  2.18  6.67  5.36 999 1012.0  26.6  26.8 999.0 99.0
96 02 14 20  89  8.6 10.3  2.20  7.14  5.36 999 1011.1  26.1  26.8 999.0 99.0
96 02 14 21 102  8.4  9.7  2.27  7.14  5.48 999 1010.8  26.8  26.8 999.0 99.0
96 02 14 22  93  8.9 10.6  2.09  7.14  5.38 999 1011.1  26.6  26.8 999.0 99.0
96 02 14 23  94  8.0  9.6  2.07  7.14  5.41 999 1011.4  26.6  26.8 999.0 99.0
