#YY  MM DD hh mm WDIR WSPD GST  WVHT   DPD   APD MWD   PRES  ATMP  WTMP  DEWP  VIS  TIDE
#yr  mo dy hr mn degT m/s  m/s     m   sec   sec deg    hPa  degC  degC  degC  nmi    ft
2008 12 17 22 10 999 99.0 99.0  2.22  6.70 99.00  39 9999.0 999.0  27.3 999.0 99.0 99.00
2008 12 17 23 10 999 99.0 99.0  2.41  6.30 99.00  41 9999.0 999.0  27.2 999.0 99.0 99.00
2008 12 18 00 10 999 99.0 99.0  2.57  6.30 99.00  43 9999.0 999.0  27.2 999.0 99.0 99.00
2008 12 18 01 10 999 99.0 99.0  2.62  6.50 99.00  43 9999.0 999.0  27.1 999.0 99.0 99.00
2008 12 18 02 10 999 99.0 99.0  2.69  6.50 99.00  45 9999.0 999.0  27.1 999.0 99.0 99.00
2008 12 18 04 10 999 99.0 99.0  2.54  7.10 99.00  46 9999.0 999.0  27.1 999.0 99.0 99.00
2008 12 18 06 10 999 99.0 99.0  2.31  6.70 99.00  40 9999.0 999.0  27.0 999.0 99.0 99.00
2008 12 18 08 10 999 99.0 99.0  2.63  8.30 99.00  39 9999.0 999.0  27.0 999.0 99.0 99.00
2008 12 18 09 10 999 99.0 99.0  2.24  6.70 99.00  38 9999.0 999.0  27.0 999.0 99.0 99.00
2008 12 18 10 10 999 99.0 99.0  2.40  8.70 99.00  44 9999.0 999.0  27.0 999.0 99.0 99.00
2008 12 18 11 10 999 99.0 99.0  2.62  8.70 99.00  38 9999.0 999.0  27.0 999.0 99.0 99.00
2008 12 18 12 10 999 99.0 99.0  2.69  8.30 99.00  36 9999.0 999.0  26.9 999.0 99.0 99.00
2008 12 18 13 10 999 99.0 99.0  2.47  7.70 99.00  35 9999.0 999.0  26.9 999.0 99.0 99.00
2008 12 18 14 10 999 99.0 99.0  2.43  9.10 99.00  38 9999.0 999.0  26.9 999.0 99.0 99.00
2008 12 18 15 10 999 99.0 99.0  2.27  8.70 99.00  36 9999.0 999.0  27.0 999.0 99.0 99.00
2008 12 18 17 10 999 99.0 99.0  2.14  6.30 99.00  37 9999.0 999.0  27.0 999.0 99.0 99.00
2008 12 18 18 10 999 99.0 99.0  2.15  6.30 99.00  31 9999.0 999.0  27.1 999.0 99.0 99.00
2008 12 18 19 10 999 99.0 99.0  1.89  6.30 99.00  34 9999.0 999.0  27.1 999.0 99.0 99.00
2008 12 18 20 10 999 99.0 99.0  1.85  6.50 99.00  32 9999.0 999.0  27.1 999.0 99.0 99.00
2008 12 18 21 10 999 99.0 99.0  1.94  5.60 99.00  32 9999.0 999.0  27.1 999.0 99.0 99.00
2008 12 18 22 10 999 99.0 99.0  2.00  6.90 99.00  35 9999.0 999.0  27.1 999.0 99.0 99.00
2008 12 18 23 10 999 99.0 99.0  1.86  8.30 99.00  33 9999.0 999.0  27.1 999.0 99.0 99.00
2008 12 19 00 10 999 99.0 99.0  2.03  8.00 99.00  34 9999.0 999.0  27.1 999.0 99.0 99.00
2008 12 19 01 10 999 99.0 99.0  2.25  5.90 99.00  36 9999.0 999.0  27.0 999.0 99.0 99.00
2008 12 19 02 10 999 99.0 99.0  2.13  5.70 99.00  38 9999.0 999.0  27.0 999.0 99.0 99.00
2008 12 19 03 10 999 99.0 99.0  2.33  6.70 99.00  38 9999.0 999.0  27.0 999.0 99.0 99.00
2008 12 19 04 10 999 99.0 99.0  2.52  6.30 99.00  35 9999.0 999.0  26.9 999.0 99.0 99.00
2008 12 19 06 10 999 99.0 99.0  2.50  7.40 99.00  36 9999.0 999.0  26.9 999.0 99.0 99.00
2008 12 19 07 10 999 99.0 99.0  2.56  6.30 99.00  35 9999.0 999.0  26.8 999.0 99.0 99.00
2008 12 19 08 10 999 99.0 99.0  2.48  9.10 99.00  37 9999.0 999.0  26.8 999.0 99.0 99.00
2008 12 19 09 10 999 99.0 99.0  2.59  9.10 99.00  35 9999.0 999.0  26.7 999.0 99.0 99.00
2008 12 19 10 10 999 99.0 99.0  2.54  9.10 99.00  31 9999.0 999.0  26.7 999.0 99.0 99.00
2008 12 19 11 10 999 99.0 99.0  2.53  9.10 99.00  38 9999.0 999.0  26.7 999.0 99.0 99.00
2008 12 19 12 10 999 99.0 99.0  2.67  8.70 99.00  34 9999.0 999.0  26.6 999.0 99.0 99.00
2008 12 19 13 10 999 99.0 99.0  2.20  9.10 99.00  36 9999.0 999.0  26.6 999.0 99.0 99.00
2008 12 19 14 10 999 99.0 99.0  2.25  9.50 99.00  34 9999.0 999.0  26.6 999.0 99.0 99.00
2008 12 19 15 10 999 99.0 99.0  2.29  8.70 99.00  34 9999.0 999.0  26.6 999.0 99.0 99.00
2008 12 19 16 10 999 99.0 99.0  2.19  7.70 99.00  39 9999.0 999.0  26.7 999.0 99.0 99.00
2008 12 19 17 10 999 99.0 99.0  2.25  8.30 99.00  33 9999.0 999.0  26.7 999.0 99.0 99.00
2008 12 19 18 10 999 99.0 99.0  2.13  8.70 99.00  42 9999.0 999.0  26.7 999.0 99.0 99.00
2008 12 19 19 10 999 99.0 99.0  2.20  8.00 99.00  33 9999.0 999.0  26.8 999.0 99.0 99.00
2008 12 19 20 10 999 99.0 99.0  2.11  8.30 99.00  29 9999.0 999.0  26.8 999.0 99.0 99.00
2008 12 19 21 10 999 99.0 99.0  2.10  8.30 99.00  30 9999.0 999.0  26.8 999.0 99.0 99.00
2008 12 19 22 10 999 99.0 99.0  2.21  8.30 99.00  25 9999.0 999.0  26.8 999.0 99.0 99.00
2008 12 19 23 10 999 99.0 99.0  2.15  6.90 99.00  30 9999.0 999.0  26.8 999.0 99.0 99.00
2008 12 20 00 10 999 99.0 99.0  2.19  8.30 99.00  28 9999.0 999.0  26.7 999.0 99.0 99.00
2008 12 20 01 10 999 99.0 99.0  2.11  6.50 99.00  34 9999.0 999.0  26.7 999.0 99.0 99.00
2008 12 20 02 10 999 99.0 99.0  2.28  6.50 99.00  36 9999.0 999.0  26.7 999.0 99.0 99.00
2008 12 20 03 10 999 99.0 99.0  2.14  6.30 99.00  45 9999.0 999.0  26.6 999.0 99.0 99.00
2008 12 20 07 10 999 99.0 99.0  2.27  6.50 99.00  35 9999.0 999.0  26.6 999.0 99.0 99.00
2008 12 20 08 10 999 99.0 99.0  2.10  6.10 99.00  35 9999.0 999.0  26.6 999.0 99.0 99.00
2008 12 20 09 10 999 99.0 99.0  2.28  7.10 99.00  31 9999.0 999.0  26.5 999.0 99.0 99.00
2008 12 20 10 10 999 99.0 99.0  2.05  5.90 99.00  34 9999.0 999.0  26.5 999.0 99.0 99.00
2008 12 20 11 10 999 99.0 99.0  1.99  6.90 99.00  38 9999.0 999.0  26.5 999.0 99.0 99.00
2008 12 20 12 10 999 99.0 99.0  2.10  7.10 99.00  38 9999.0 999.0  26.5 999.0 99.0 99.00
2008 12 20 13 10 999 99.0 99.0  2.04  6.50 99.00  42 9999.0 999.0  26.5 999.0 99.0 99.00
2008 12 20 14 10 999 99.0 99.0  2.01  6.50 99.00  45 9999.0 999.0  26.5 999.0 99.0 99.00
2008 12 20 15 10 999 99.0 99.0  1.87  6.30 99.00  36 9999.0 999.0  26.5 999.0 99.0 99.00
2008 12 20 16 10 999 99.0 99.0  1.94  6.50 99.00  46 9999.0 999.0  26.5 999.0 99.0 99.00
2008 12 20 17 10 999 99.0 99.0  1.67  7.40 99.00  43 9999.0 999.0  26.6 999.0 99.0 99.00
2008 12 20 18 10 999 99.0 99.0  1.70  7.40 99.00  34 9999.0 999.0  26.6 999.0 99.0 99.00
2008 12 20 19 10 999 99.0 99.0  1.70  6.30 99.00  31 9999.0 999.0  26.7 999.0 99.0 99.00
2008 12 22 11 10 999 99.0 99.0  1.73  6.50 99.00  26 9999.0 999.0  26.4 999.0 99.0 99.00
2008 12 22 13 10 999 99.0 99.0  1.73  6.50 99.00  31 9999.0 999.0  26.3 999.0 99.0 99.00
2008 12 22 14 10 999 99.0 99.0  1.71  6.70 99.00  33 9999.0 999.0  26.3 999.0 99.0 99.00
2008 12 22 15 10 999 99.0 99.0  1.76  6.90 99.00  35 9999.0 999.0  26.4 999.0 99.0 99.00
2008 12 22 16 10 999 99.0 99.0  1.64  6.90 99.00  33 9999.0 999.0  26.4 999.0 99.0 99.00
2008 12 22 17 10 999 99.0 99.0  1.66  7.70 99.00  33 9999.0 999.0  26.5 999.0 99.0 99.00
2008 12 22 18 10 999 99.0 99.0  1.50  6.90 99.00  37 9999.0 999.0  26.6 999.0 99.0 99.00
2008 12 22 19 10 999 99.0 99.0  1.43  7.10 99.00  31 9999.0 999.0  26.7 999.0 99.0 99.00
2008 12 22 20 10 999 99.0 99.0  1.45  6.70 99.00  34 9999.0 999.0  26.8 999.0 99.0 99.00
2008 12 22 21 10 999 99.0 99.0  1.53  6.50 99.00  31 9999.0 999.0  26.9 999.0 99.0 99.00
2008 12 22 22 10 999 99.0 99.0  1.57  7.10 99.00  30 9999.0 999.0  26.8 999.0 99.0 99.00
2008 12 22 23 10 999 99.0 99.0  1.53  6.70 99.00  36 9999.0 999.0  26.8 999.0 99.0 99.00
2008 12 23 00 10 999 99.0 99.0  1.72  6.50 99.00  33 9999.0 999.0  26.7 999.0 99.0 99.00
2008 12 23 01 10 999 99.0 99.0  1.62  6.50 99.00  30 9999.0 999.0  26.7 999.0 99.0 99.00
2008 12 23 02 10 999 99.0 99.0  1.74  5.40 99.00  40 9999.0 999.0  26.6 999.0 99.0 99.00
2008 12 23 03 10 999 99.0 99.0  1.80  6.30 99.00  41 9999.0 999.0  26.5 999.0 99.0 99.00
2008 12 23 06 10 999 99.0 99.0  2.03  6.90 99.00  47 9999.0 999.0  26.6 999.0 99.0 99.00
2008 12 23 07 10 999 99.0 99.0  2.29  6.70 99.00  49 9999.0 999.0  26.6 999.0 99.0 99.00
2008 12 23 08 10 999 99.0 99.0  2.31  6.50 99.00  46 9999.0 999.0  26.6 999.0 99.0 99.00
2008 12 23 09 10 999 99.0 99.0  2.16  7.10 99.00  50 9999.0 999.0  26.6 999.0 99.0 99.00
2008 12 23 10 10 999 99.0 99.0  2.21  6.70 99.00  41 9999.0 999.0  26.6 999.0 99.0 99.00
2008 12 23 11 10 999 99.0 99.0  2.16  7.10 99.00  41 9999.0 999.0  26.6 999.0 99.0 99.00
2008 12 23 12 10 999 99.0 99.0  2.14  6.90 99.00  40 9999.0 999.0  26.6 999.0 99.0 99.00
2008 12 23 13 10 999 99.0 99.0  2.02  6.70 99.00  41 9999.0 999.0  26.6 999.0 99.0 99.00
2008 12 23 14 10 999 99.0 99.0  1.93  6.90 99.00  45 9999.0 999.0  26.5 999.0 99.0 99.00
2008 12 23 15 10 999 99.0 99.0  1.90  6.50 99.00  51 9999.0 999.0  26.6 999.0 99.0 99.00
2008 12 23 16 10 999 99.0 99.0  2.09  6.50 99.00  56 9999.0 999.0  26.6 999.0 99.0 99.00
2008 12 23 17 10 999 99.0 99.0  2.30  6.70 99.00  50 9999.0 999.0  26.7 999.0 99.0 99.00
2008 12 23 18 10 999 99.0 99.0  2.13  6.70 99.00  57 9999.0 999.0  26.7 999.0 99.0 99.00
2008 12 23 19 10 999 99.0 99.0  2.48  6.70 99.00  49 9999.0 999.0  26.8 999.0 99.0 99.00
2008 12 23 20 10 999 99.0 99.0  2.17  6.70 99.00  56 9999.0 999.0  26.8 999.0 99.0 99.00
2008 12 23 21 10 999 99.0 99.0  2.66  7.40 99.00  50 9999.0 999.0  26.9 999.0 99.0 99.00
2008 12 23 22 10 999 99.0 99.0  2.34  7.70 99.00  53 9999.0 999.0  26.9 999.0 99.0 99.00
2008 12 23 23 10 999 99.0 99.0  2.66  7.70 99.00  55 9999.0 999.0  26.9 999.0 99.0 99.00
2008 12 24 00 10 999 99.0 99.0  2.95  7.70 99.00  48 9999.0 999.0  26.9 999.0 99.0 99.00
2008 12 24 01 10 999 99.0 99.0  2.62  7.70 99.00  46 9999.0 999.0  26.8 999.0 99.0 99.00
2008 12 24 02 10 999 99.0 99.0  2.64  7.40 99.00  59 9999.0 999.0  26.8 999.0 99.0 99.00
2008 12 24 03 10 999 99.0 99.0  2.70  7.40 99.00  49 9999.0 999.0  26.7 999.0 99.0 99.00
2008 12 24 04 10 999 99.0 99.0  2.62  7.10 99.00  54 9999.0 999.0  26.6 999.0 99.0 99.00
2008 12 24 06 10 999 99.0 99.0  3.23  7.40 99.00  52 9999.0 999.0  26.6 999.0 99.0 99.00
2008 12 24 07 10 999 99.0 99.0  2.73  6.70 99.00  46 9999.0 999.0  26.6 999.0 99.0 99.00
2008 12 24 08 10 999 99.0 99.0  2.80  7.10 99.00  47 9999.0 999.0  26.6 999.0 99.0 99.00
2008 12 24 09 10 999 99.0 99.0  2.83  8.00 99.00  50 9999.0 999.0  26.6 999.0 99.0 99.00
2008 12 24 10 10 999 99.0 99.0  2.50  8.30 99.00  45 9999.0 999.0  26.6 999.0 99.0 99.00
2008 12 24 11 10 999 99.0 99.0  2.51  6.90 99.00  44 9999.0 999.0  26.6 999.0 99.0 99.00
2008 12 24 12 10 999 99.0 99.0  2.19  8.30 99.00  54 9999.0 999.0  26.5 999.0 99.0 99.00
2008 12 24 13 10 999 99.0 99.0  2.24  8.30 99.00  45 9999.0 999.0  26.5 999.0 99.0 99.00
2008 12 24 14 10 999 99.0 99.0  2.27  7.70 99.00  39 9999.0 999.0  26.5 999.0 99.0 99.00
2008 12 24 15 10 999 99.0 99.0  2.20  8.00 99.00  44 9999.0 999.0  26.5 999.0 99.0 99.00
2008 12 24 16 10 999 99.0 99.0  2.39  8.00 99.00  40 9999.0 999.0   0.0 999.0 99.0 99.00
2008 12 24 17 10 999 99.0 99.0  2.38  8.00 99.00  42 9999.0 999.0  26.5 999.0 99.0 99.00
2008 12 24 18 10 999 99.0 99.0  2.43  7.70 99.00  52 9999.0 999.0  26.6 999.0 99.0 99.00
2008 12 24 19 10 999 99.0 99.0  2.68  7.70 99.00  48 9999.0 999.0  26.7 999.0 99.0 99.00
2008 12 24 20 10 999 99.0 99.0  2.81  9.10 99.00  46 9999.0 999.0  26.7 999.0 99.0 99.00
2008 12 24 21 10 999 99.0 99.0  2.61  8.30 99.00  44 9999.0 999.0  26.7 999.0 99.0 99.00
2008 12 24 22 10 999 99.0 99.0  2.74  8.30 99.00  46 9999.0 999.0  26.7 999.0 99.0 99.00
2008 12 24 23 10 999 99.0 99.0  2.57  8.00 99.00  44 9999.0 999.0  26.6 999.0 99.0 99.00
2008 12 25 00 10 999 99.0 99.0  2.47  9.10 99.00  44 9999.0 999.0  26.6 999.0 99.0 99.00
2008 12 25 01 10 999 99.0 99.0  2.76 10.00 99.00  49 9999.0 999.0  26.6 999.0 99.0 99.00
2008 12 25 02 10 999 99.0 99.0  3.29 10.00 99.00  40 9999.0 999.0  26.5 999.0 99.0 99.00
2008 12 25 03 10 999 99.0 99.0  2.76  7.10 99.00  44 9999.0 999.0  26.5 999.0 99.0 99.00
2008 12 25 04 10 999 99.0 99.0  3.03  7.70 99.00  50 9999.0 999.0  26.5 999.0 99.0 99.00
2008 12 25 06 10 999 99.0 99.0  3.00 10.00 99.00  48 9999.0 999.0  26.4 999.0 99.0 99.00
2008 12 25 07 10 999 99.0 99.0  3.03  9.50 99.00  48 9999.0 999.0  26.4 999.0 99.0 99.00
2008 12 25 08 10 999 99.0 99.0  3.09  9.50 99.00  48 9999.0 999.0  26.4 999.0 99.0 99.00
2008 12 25 09 10 999 99.0 99.0  2.94  7.40 99.00  47 9999.0 999.0  26.4 999.0 99.0 99.00
2008 12 25 10 10 999 99.0 99.0  2.91  6.70 99.00  45 9999.0 999.0  26.3 999.0 99.0 99.00
2008 12 25 11 10 999 99.0 99.0  2.72  6.90 99.00  50 9999.0 999.0  26.3 999.0 99.0 99.00
2008 12 25 12 10 999 99.0 99.0  2.57  6.50 99.00  50 9999.0 999.0  26.3 999.0 99.0 99.00
2008 12 25 13 10 999 99.0 99.0  2.60  7.10 99.00  43 9999.0 999.0  26.3 999.0 99.0 99.00
2008 12 25 14 10 999 99.0 99.0  2.73  9.50 99.00  39 9999.0 999.0  26.3 999.0 99.0 99.00
2008 12 25 15 10 999 99.0 99.0  2.56  7.40 99.00  42 9999.0 999.0  26.4 999.0 99.0 99.00
2008 12 25 16 10 999 99.0 99.0  2.50  9.10 99.00  37 9999.0 999.0  26.4 999.0 99.0 99.00
2008 12 25 17 10 999 99.0 99.0  2.59  8.30 99.00  37 9999.0 999.0  26.5 999.0 99.0 99.00
2008 12 25 18 10 999 99.0 99.0  2.52  9.10 99.00  41 9999.0 999.0  26.5 999.0 99.0 99.00
2008 12 25 19 10 999 99.0 99.0  2.72  9.50 99.00  48 9999.0 999.0  26.5 999.0 99.0 99.00
2008 12 25 20 10 999 99.0 99.0  2.43  6.90 99.00  45 9999.0 999.0  26.5 999.0 99.0 99.00
2008 12 25 21 10 999 99.0 99.0  2.54  7.40 99.00  45 9999.0 999.0  26.5 999.0 99.0 99.00
2008 12 25 22 10 999 99.0 99.0  2.62  9.50 99.00  43 9999.0 999.0  26.5 999.0 99.0 99.00
2008 12 25 23 10 999 99.0 99.0  3.16  7.70 99.00  46 9999.0 999.0  26.5 999.0 99.0 99.00
2008 12 26 00 10 999 99.0 99.0  2.92  8.30 99.00  46 9999.0 999.0  26.5 999.0 99.0 99.00
2008 12 26 01 10 999 99.0 99.0  2.96  8.30 99.00  50 9999.0 999.0  26.4 999.0 99.0 99.00
2008 12 26 02 10 999 99.0 99.0  2.99  9.10 99.00  49 9999.0 999.0  26.4 999.0 99.0 99.00
2008 12 26 03 10 999 99.0 99.0  3.00  7.70 99.00  44 9999.0 999.0  26.4 999.0 99.0 99.00
2008 12 26 06 10 999 99.0 99.0  3.00  8.00 99.00  45 9999.0 999.0  26.3 999.0 99.0 99.00
2008 12 26 07 10 999 99.0 99.0  3.25  6.90 99.00  54 9999.0 999.0  26.3 999.0 99.0 99.00
2008 12 26 08 10 999 99.0 99.0  3.06  9.50 99.00  56 9999.0 999.0  26.3 999.0 99.0 99.00
2008 12 26 09 10 999 99.0 99.0  2.90  8.30 99.00  46 9999.0 999.0  26.2 999.0 99.0 99.00
2008 12 26 10 10 999 99.0 99.0  2.90  6.90 99.00  51 9999.0 999.0  26.2 999.0 99.0 99.00
2008 12 26 11 10 999 99.0 99.0  3.18  8.70 99.00  47 9999.0 999.0  26.2 999.0 99.0 99.00
2008 12 26 12 10 999 99.0 99.0  3.29  6.90 99.00  53 9999.0 999.0  26.1 999.0 99.0 99.00
2008 12 26 13 10 999 99.0 99.0  3.31  7.40 99.00  53 9999.0 999.0  26.1 999.0 99.0 99.00
2008 12 26 14 10 999 99.0 99.0  3.02  7.40 99.00  50 9999.0 999.0  26.1 999.0 99.0 99.00
2008 12 26 15 10 999 99.0 99.0  2.74  7.10 99.00  53 9999.0 999.0  26.1 999.0 99.0 99.00
2008 12 26 16 10 999 99.0 99.0  2.61  6.90 99.00  49 9999.0 999.0  26.1 999.0 99.0 99.00
2008 12 26 17 10 999 99.0 99.0  2.77  7.40 99.00  44 9999.0 999.0  26.2 999.0 99.0 99.00
2008 12 26 18 10 999 99.0 99.0  2.60  7.10 99.00  44 9999.0 999.0  26.2 999.0 99.0 99.00
2008 12 26 19 10 999 99.0 99.0  2.76  6.70 99.00  46 9999.0 999.0  26.3 999.0 99.0 99.00
2008 12 26 20 10 999 99.0 99.0  2.56  6.30 99.00  51 9999.0 999.0  26.3 999.0 99.0 99.00
2008 12 26 21 10 999 99.0 99.0  2.46  6.90 99.00  47 9999.0 999.0  26.3 999.0 99.0 99.00
2008 12 26 22 10 999 99.0 99.0  2.56  7.40 99.00  49 9999.0 999.0  26.3 999.0 99.0 99.00
2008 12 26 23 10 999 99.0 99.0  2.54  6.70 99.00  49 9999.0 999.0  26.2 999.0 99.0 99.00
2008 12 27 00 10 999 99.0 99.0  2.51  7.40 99.00  47 9999.0 999.0  26.2 999.0 99.0 99.00
2008 12 27 01 10 999 99.0 99.0  2.85  7.10 99.00  49 9999.0 999.0  26.2 999.0 99.0 99.00
2008 12 27 02 10 999 99.0 99.0  2.72  7.10 99.00  50 9999.0 999.0  26.2 999.0 99.0 99.00
2008 12 27 03 10 999 99.0 99.0  2.87  7.40 99.00  47 9999.0 999.0  26.1 999.0 99.0 99.00
2008 12 27 04 10 999 99.0 99.0  2.65  8.30 99.00  45 9999.0 999.0  26.1 999.0 99.0 99.00
2008 12 27 06 10 999 99.0 99.0  2.89  7.40 99.00  46 9999.0 999.0  26.0 999.0 99.0 99.00
2008 12 27 07 10 999 99.0 99.0  2.51  8.00 99.00  45 9999.0 999.0  26.1 999.0 99.0 99.00
2008 12 27 08 10 999 99.0 99.0  2.86  8.00 99.00  51 9999.0 999.0  26.1 999.0 99.0 99.00
2008 12 27 09 10 999 99.0 99.0  2.99  6.90 99.00  44 9999.0 999.0  26.0 999.0 99.0 99.00
2008 12 27 10 10 999 99.0 99.0  2.73  7.40 99.00  53 9999.0 999.0  26.0 999.0 99.0 99.00
2008 12 27 11 10 999 99.0 99.0  2.85  8.00 99.00  45 9999.0 999.0  26.0 999.0 99.0 99.00
2008 12 27 12 10 999 99.0 99.0  2.55  7.70 99.00  47 9999.0 999.0  26.0 999.0 99.0 99.00
2008 12 27 14 10 999 99.0 99.0  2.65  6.90 99.00  43 9999.0 999.0  25.9 999.0 99.0 99.00
2008 12 27 15 10 999 99.0 99.0  2.61  7.10 99.00  39 9999.0 999.0  25.9 999.0 99.0 99.00
2008 12 27 16 10 999 99.0 99.0  2.44  8.00 99.00  37 9999.0 999.0  26.0 999.0 99.0 99.00
2008 12 27 17 10 999 99.0 99.0  2.54  6.70 99.00  35 9999.0 999.0  26.0 999.0 99.0 99.00
2008 12 27 18 10 999 99.0 99.0  2.55  8.30 99.00  40 9999.0 999.0  26.0 999.0 99.0 99.00
2008 12 27 19 10 999 99.0 99.0  2.53  6.90 99.00  39 9999.0 999.0  26.1 999.0 99.0 99.00
2008 12 27 20 10 999 99.0 99.0  2.42  8.00 99.00  38 9999.0 999.0  26.1 999.0 99.0 99.00
2008 12 27 21 10 999 99.0 99.0  2.54  9.10 99.00  39 9999.0 999.0  26.1 999.0 99.0 99.00
2008 12 27 22 10 999 99.0 99.0  2.37  7.10 99.00  45 9999.0 999.0  26.1 999.0 99.0 99.00
2008 12 27 23 10 999 99.0 99.0  2.46  8.70 99.00  45 9999.0 999.0  26.1 999.0 99.0 99.00
2008 12 28 00 10 999 99.0 99.0  2.68  9.10 99.00  44 9999.0 999.0  26.0 999.0 99.0 99.00
2008 12 28 01 10 999 99.0 99.0  2.50  7.10 99.00  49 9999.0 999.0  26.0 999.0 99.0 99.00
2008 12 28 02 10 999 99.0 99.0  2.77  7.70 99.00  48 9999.0 999.0  25.9 999.0 99.0 99.00
2008 12 28 03 10 999 99.0 99.0  2.85  8.30 99.00  48 9999.0 999.0  25.9 999.0 99.0 99.00
2008 12 28 04 10 999 99.0 99.0  2.63  7.40 99.00  40 9999.0 999.0  25.8 999.0 99.0 99.00
2008 12 28 06 10 999 99.0 99.0  2.74  8.70 99.00  40 9999.0 999.0  25.8 999.0 99.0 99.00
2008 12 28 07 10 999 99.0 99.0  2.89  9.10 99.00  42 9999.0 999.0  25.8 999.0 99.0 99.00
2008 12 28 08 10 999 99.0 99.0  2.85  6.90 99.00  39 9999.0 999.0  25.8 999.0 99.0 99.00
2008 12 28 09 10 999 99.0 99.0  2.87  8.70 99.00  42 9999.0 999.0  25.7 999.0 99.0 99.00
2008 12 28 10 10 999 99.0 99.0  2.68  7.10 99.00  47 9999.0 999.0  25.7 999.0 99.0 99.00
2008 12 28 11 10 999 99.0 99.0  2.64  7.70 99.00  50 9999.0 999.0  25.7 999.0 99.0 99.00
2008 12 28 12 10 999 99.0 99.0  2.63  8.70 99.00  51 9999.0 999.0  25.6 999.0 99.0 99.00
2008 12 28 13 10 999 99.0 99.0  2.49  7.70 99.00  49 9999.0 999.0  25.5 999.0 99.0 99.00
2008 12 28 14 10 999 99.0 99.0  2.40  8.00 99.00  45 9999.0 999.0  25.5 999.0 99.0 99.00
2008 12 28 15 10 999 99.0 99.0  2.49  7.40 99.00  46 9999.0 999.0  25.5 999.0 99.0 99.00
2008 12 28 16 10 999 99.0 99.0  2.29  9.10 99.00  46 9999.0 999.0  25.6 999.0 99.0 99.00
2008 12 28 17 10 999 99.0 99.0  2.15  7.70 99.00  44 9999.0 999.0  25.7 999.0 99.0 99.00
2008 12 28 18 10 999 99.0 99.0  2.36  8.70 99.00  49 9999.0 999.0  25.8 999.0 99.0 99.00
2008 12 28 19 10 999 99.0 99.0  2.34  7.10 99.00  44 9999.0 999.0  25.8 999.0 99.0 99.00
2008 12 28 20 10 999 99.0 99.0  2.11  7.40 99.00  41 9999.0 999.0  25.8 999.0 99.0 99.00
2008 12 28 21 10 999 99.0 99.0  2.15  7.10 99.00  46 9999.0 999.0  25.8 999.0 99.0 99.00
2008 12 28 22 10 999 99.0 99.0  2.11  6.50 99.00  44 9999.0 999.0  25.8 999.0 99.0 99.00
2008 12 28 23 10 999 99.0 99.0  2.08  9.10 99.00  42 9999.0 999.0  25.7 999.0 99.0 99.00
2008 12 29 00 10 999 99.0 99.0  2.18  8.30 99.00  48 9999.0 999.0  25.7 999.0 99.0 99.00
2008 12 29 01 10 999 99.0 99.0  2.14  6.50 99.00  43 9999.0 999.0  25.6 999.0 99.0 99.00
2008 12 29 02 10 999 99.0 99.0  2.46  8.00 99.00  50 9999.0 999.0  25.6 999.0 99.0 99.00
2008 12 29 03 10 999 99.0 99.0  2.71  7.40 99.00  47 9999.0 999.0  25.6 999.0 99.0 99.00
2008 12 29 04 10 999 99.0 99.0  2.96  7.70 99.00  46 9999.0 999.0  25.6 999.0 99.0 99.00
2008 12 29 06 10 999 99.0 99.0  3.04  9.10 99.00  45 9999.0 999.0  25.6 999.0 99.0 99.00
2008 12 29 07 10 999 99.0 99.0  2.96  7.40 99.00  49 9999.0 999.0  25.6 999.0 99.0 99.00
2008 12 29 08 10 999 99.0 99.0  2.85  7.70 99.00  46 9999.0 999.0  25.5 999.0 99.0 99.00
2008 12 29 09 10 999 99.0 99.0  2.89  8.00 99.00  49 9999.0 999.0  25.5 999.0 99.0 99.00
2008 12 29 10 10 999 99.0 99.0  2.99  9.10 99.00  47 9999.0 999.0  25.5 999.0 99.0 99.00
2008 12 29 11 10 999 99.0 99.0  2.90  8.70 99.00  41 9999.0 999.0  25.4 999.0 99.0 99.00
2008 12 29 12 10 999 99.0 99.0  2.58  8.00 99.00  40 9999.0 999.0  25.4 999.0 99.0 99.00
2008 12 29 13 10 999 99.0 99.0  2.48  9.50 99.00  44 9999.0 999.0  25.4 999.0 99.0 99.00
2008 12 29 14 10 999 99.0 99.0  2.19  9.10 99.00  41 9999.0 999.0  25.4 999.0 99.0 99.00
2008 12 29 15 10 999 99.0 99.0  2.46  9.10 99.00  44 9999.0 999.0  25.4 999.0 99.0 99.00
2008 12 29 16 10 999 99.0 99.0  2.37  9.50 99.00  36 9999.0 999.0  25.5 999.0 99.0 99.00
2008 12 29 17 10 999 99.0 99.0  2.62  6.70 99.00  40 9999.0 999.0  25.7 999.0 99.0 99.00
2008 12 29 18 10 999 99.0 99.0  2.23  9.10 99.00  40 9999.0 999.0  25.7 999.0 99.0 99.00
2008 12 29 19 10 999 99.0 99.0  1.94  6.10 99.00  37 9999.0 999.0  25.7 999.0 99.0 99.00
2008 12 29 20 10 999 99.0 99.0  2.16  8.70 99.00  39 9999.0 999.0  25.8 999.0 99.0 99.00
2008 12 29 21 10 999 99.0 99.0  2.36  6.30 99.00  48 9999.0 999.0  25.8 999.0 99.0 99.00
2008 12 29 22 10 999 99.0 99.0  2.49  6.10 99.00  41 9999.0 999.0  25.8 999.0 99.0 99.00
2008 12 29 23 10 999 99.0 99.0  2.38  6.70 99.00  45 9999.0 999.0  25.8 999.0 99.0 99.00
2008 12 30 00 10 999 99.0 99.0  2.35  9.10 99.00  45 9999.0 999.0  25.7 999.0 99.0 99.00
2008 12 30 01 10 999 99.0 99.0  2.35  7.40 99.00  48 9999.0 999.0  25.6 999.0 99.0 99.00
2008 12 30 02 10 999 99.0 99.0  2.43  8.00 99.00  47 9999.0 999.0  25.5 999.0 99.0 99.00
2008 12 30 03 10 999 99.0 99.0  2.44  6.90 99.00  47 9999.0 999.0  25.5 999.0 99.0 99.00
2008 12 30 04 10 999 99.0 99.0  2.37  6.70 99.00  47 9999.0 999.0  25.5 999.0 99.0 99.00
2008 12 30 07 10 999 99.0 99.0  2.81  7.10 99.00  48 9999.0 999.0  25.4 999.0 99.0 99.00
2008 12 30 08 10 999 99.0 99.0  2.46  7.40 99.00  44 9999.0 999.0  25.4 999.0 99.0 99.00
2008 12 30 09 10 999 99.0 99.0  2.60  7.10 99.00  46 9999.0 999.0  25.4 999.0 99.0 99.00
2008 12 30 10 10 999 99.0 99.0  2.25  6.70 99.00  42 9999.0 999.0  25.4 999.0 99.0 99.00
2008 12 30 11 10 999 99.0 99.0  2.26  6.90 99.00  40 9999.0 999.0  25.4 999.0 99.0 99.00
2008 12 30 12 10 999 99.0 99.0  2.12  5.90 99.00  44 9999.0 999.0  25.4 999.0 99.0 99.00
2008 12 30 13 10 999 99.0 99.0  1.94  7.70 99.00  44 9999.0 999.0  25.4 999.0 99.0 99.00
2008 12 30 14 10 999 99.0 99.0  1.91  6.90 99.00  48 9999.0 999.0  25.4 999.0 99.0 99.00
2008 12 30 15 10 999 99.0 99.0  1.75  6.10 99.00  50 9999.0 999.0  25.5 999.0 99.0 99.00
2008 12 30 16 10 999 99.0 99.0  1.98  6.10 99.00  45 9999.0 999.0  25.5 999.0 99.0 99.00
2008 12 30 17 10 999 99.0 99.0  1.97  6.70 99.00  42 9999.0 999.0  25.6 999.0 99.0 99.00
2008 12 30 18 10 999 99.0 99.0  1.96  5.30 99.00  48 9999.0 999.0  25.7 999.0 99.0 99.00
2008 12 30 19 10 999 99.0 99.0  1.86  5.40 99.00  42 9999.0 999.0  25.7 999.0 99.0 99.00
2008 12 30 20 10 999 99.0 99.0  1.91  5.40 99.00  45 9999.0 999.0  25.7 999.0 99.0 99.00
2008 12 30 21 10 999 99.0 99.0  1.98  8.00 99.00  40 9999.0 999.0  25.7 999.0 99.0 99.00
2008 12 30 22 10 999 99.0 99.0  1.88  5.70 99.00  41 9999.0 999.0  25.7 999.0 99.0 99.00
2008 12 30 23 10 999 99.0 99.0  1.84  5.00 99.00  51 9999.0 999.0  25.7 999.0 99.0 99.00
2008 12 31 00 10 999 99.0 99.0  1.95  6.30 99.00  44 9999.0 999.0  25.6 999.0 99.0 99.00
2008 12 31 01 10 999 99.0 99.0  1.94  5.70 99.00  43 9999.0 999.0  25.6 999.0 99.0 99.00
2008 12 31 02 10 999 99.0 99.0  1.87  6.10 99.00  42 9999.0 999.0  25.5 999.0 99.0 99.00
2008 12 31 03 10 999 99.0 99.0  1.81  5.70 99.00  43 9999.0 999.0  25.5 999.0 99.0 99.00
2008 12 31 04 10 999 99.0 99.0  2.04  6.90 99.00  50 9999.0 999.0  25.5 999.0 99.0 99.00
2008 12 31 06 10 999 99.0 99.0  2.47  6.90 99.00  45 9999.0 999.0  25.6 999.0 99.0 99.00
2008 12 31 07 10 999 99.0 99.0  2.51  6.90 99.00  52 9999.0 999.0  25.6 999.0 99.0 99.00
2008 12 31 08 10 999 99.0 99.0  2.33  7.10 99.00  52 9999.0 999.0  25.6 999.0 99.0 99.00
2008 12 31 09 10 999 99.0 99.0  2.31  6.50 99.00  48 9999.0 999.0  25.6 999.0 99.0 99.00
2008 12 31 10 10 999 99.0 99.0  2.36  6.70 99.00  43 9999.0 999.0  25.6 999.0 99.0 99.00
2008 12 31 11 10 999 99.0 99.0  2.15  6.70 99.00  53 9999.0 999.0  25.6 999.0 99.0 99.00
2008 12 31 12 10 999 99.0 99.0  2.42  7.10 99.00  59 9999.0 999.0  25.6 999.0 99.0 99.00
2008 12 31 13 10 999 99.0 99.0  2.38  7.10 99.00  49 9999.0 999.0  25.6 999.0 99.0 99.00
2008 12 31 14 10 999 99.0 99.0  2.39  6.70 99.00  46 9999.0 999.0  25.6 999.0 99.0 99.00
2008 12 31 15 10 999 99.0 99.0  2.28  6.90 99.00  44 9999.0 999.0  25.6 999.0 99.0 99.00
2008 12 31 16 10 999 99.0 99.0  2.22  6.10 99.00  44 9999.0 999.0  25.7 999.0 99.0 99.00
2008 12 31 17 10 999 99.0 99.0  2.15  6.10 99.00  40 9999.0 999.0  25.8 999.0 99.0 99.00
2008 12 31 18 10 999 99.0 99.0  2.02  6.70 99.00  36 9999.0 999.0  25.8 999.0 99.0 99.00
2008 12 31 19 10 999 99.0 99.0  1.72  6.70 99.00  38 9999.0 999.0  25.9 999.0 99.0 99.00
2008 12 31 20 10 999 99.0 99.0  1.91  6.90 99.00  36 9999.0 999.0  26.0 999.0 99.0 99.00
2008 12 31 21 10 999 99.0 99.0  1.80  6.50 99.00  36 9999.0 999.0  26.1 999.0 99.0 99.00
2008 12 31 22 10 999 99.0 99.0  1.58  6.50 99.00  43 9999.0 999.0  26.1 999.0 99.0 99.00
