#YY  MM DD hh mm WDIR WSPD GST  WVHT   DPD   APD MWD   PRES  ATMP  WTMP  DEWP  VIS  TIDE
#yr  mo dy hr mn degT m/s  m/s     m   sec   sec degT   hPa  degC  degC  degC   mi    ft
2014 12 31 23 50 349  6.5  8.8  0.88  9.09  4.83  87 1028.3   9.7  18.5  -0.1 99.0 99.00
2015 01 01 00 20 353  6.4  8.4 99.00 99.00 99.00 999 1028.4   9.6  18.5   1.2 99.0 99.00
2015 01 01 00 50 349  5.6  8.0  0.91  9.09  4.55  85 1028.7   9.2  18.4  -1.1 99.0 99.00
2015 01 01 01 20 340  5.7  7.6 99.00 99.00 99.00 999 1028.7   9.2  18.4  -1.0 99.0 99.00
2015 01 01 01 50 360  5.3  6.6  0.94  9.09  4.53  93 1028.7   9.0  18.4  -0.5 99.0 99.00
2015 01 01 02 20 351  5.0  7.5 99.00 99.00 99.00 999 1028.8   9.0  18.4  -2.7 99.0 99.00
2015 01 01 02 50 338  4.4  6.4  0.94  8.33  4.78  97 1028.7   9.1  18.4  -3.4 99.0 99.00
2015 01 01 03 20 343  3.5  5.1 99.00 99.00 99.00 999 1028.6   9.0  18.4  -3.8 99.0 99.00
2015 01 01 03 50 337  4.1  6.0  0.92  8.33  4.87  89 1028.4   9.1  18.4  -3.5 99.0 99.00
2015 01 01 04 20 336  3.7  5.2 99.00 99.00 99.00 999 1028.2   9.0  18.3  -3.3 99.0 99.00
2015 01 01 04 50 332  4.4  6.4  0.82  7.69  4.94 101 1028.1   9.0  18.3  -3.2 99.0 99.00
2015 01 01 05 20 331  4.9  7.1 99.00 99.00 99.00 999 1028.0   9.0  18.4  -2.7 99.0 99.00
2015 01 01 05 50 339  5.1  7.1  0.76  9.09  4.81  88 1027.9   9.0  18.4  -3.1 99.0 99.00
2015 01 01 06 20 352  5.0  6.3 99.00 99.00 99.00 999 1027.8   9.1  18.4  -2.6 99.0 99.00
2015 01 01 06 50 341  4.7  5.9  0.76  8.33  4.69  77 1027.7   9.1  18.4  -2.9 99.0 99.00
2015 01 01 07 20 344  5.3  6.7 99.00 99.00 99.00 999 1027.4   9.2  18.4  -2.3 99.0 99.00
2015 01 01 07 50 348  5.3  6.9  0.78  8.33  5.01  83 1027.4   9.3  18.4  -2.6 99.0 99.00
2015 01 01 08 20 348  5.7  7.1 99.00 99.00 99.00 999 1027.6   9.2  18.4  -2.6 99.0 99.00
2015 01 01 08 50 347  5.5  7.5  0.73  9.09  4.68 115 1027.2   9.1  18.3  -2.0 99.0 99.00
2015 01 01 09 20 356  5.2  6.7 99.00 99.00 99.00 999 1026.9   9.0  18.3  -2.3 99.0 99.00
2015 01 01 09 50 346  4.3  5.7  0.73  9.09  4.68  96 1027.0   8.9  18.3  -2.7 99.0 99.00
2015 01 01 10 20 351  4.2  6.1 99.00 99.00 99.00 999 1027.4   8.8  18.2  -3.1 99.0 99.00
2015 01 01 10 50 342  4.3  5.6  0.66  9.09  4.73  99 1027.6   9.0  18.1  -2.7 99.0 99.00
2015 01 01 11 20 331  3.7  5.4 99.00 99.00 99.00 999 1027.8   8.9  18.0  -3.7 99.0 99.00
2015 01 01 11 50 332  3.7  5.9  0.61  9.09  4.57  84 1028.2   8.8  18.0  -3.7 99.0 99.00
2015 01 01 12 20 337  3.4  5.0 99.00 99.00 99.00 999 1028.4   8.7  17.9  -3.1 99.0 99.00
2015 01 01 12 50 319  3.1  4.6  0.69  9.09  4.77 101 1028.5   8.9  17.9  -3.0 99.0 99.00
2015 01 01 13 20 320  2.7  4.0 99.00 99.00 99.00 999 1028.5   8.9  17.8  -2.5 99.0 99.00
2015 01 01 13 50 328  1.8  3.1  0.62  9.09  5.02 113 1028.9   9.0  17.8  -3.0 99.0 99.00
2015 01 01 14 20 313  2.7  4.3 99.00 99.00 99.00 999 1029.0   9.2  17.7  -2.3 99.0 99.00
2015 01 01 14 50 325  2.5  4.1  0.61  8.33  5.55  99 1029.3   9.0  17.7  -2.7 99.0 99.00
2015 01 01 15 20 337  2.0  3.3 99.00 99.00 99.00 999 1029.2   9.2  17.8  -1.8 99.0 99.00
2015 01 01 15 50 312  1.7  2.9  0.58  7.69  5.45  96 1028.8   9.4  17.8  -1.7 99.0 99.00
2015 01 01 16 20 315  1.6  3.3 99.00 99.00 99.00 999 1028.5   9.4  17.9  -1.9 99.0 99.00
2015 01 01 16 50 302  1.7  3.0  0.60  8.33  5.94  99 1027.8   9.2  18.0  -1.8 99.0 99.00
2015 01 01 17 20 296  0.6  1.5 99.00 99.00 99.00 999 1026.7   9.6  18.1  -1.3 99.0 99.00
2015 01 01 17 50 300  1.4  2.8  0.62  7.69  5.86  87 1026.5   9.6  18.2  -1.0 99.0 99.00
2015 01 01 18 20 267  1.2  2.8 99.00 99.00 99.00 999 1026.1   9.6  18.3  -1.3 99.0 99.00
2015 01 01 18 50 249  0.8  2.6  0.54  7.69  5.84 100 1025.8   9.9  18.4  -1.1 99.0 99.00
2015 01 01 19 20 265  1.7  3.3 99.00 99.00 99.00 999 1025.6   9.9  18.4  -0.4 99.0 99.00
2015 01 01 19 50 291  1.8  2.8  0.53  7.14  6.04 105 1025.5  10.2  18.5   0.4 99.0 99.00
2015 01 01 20 20 282  2.3  3.7 99.00 99.00 99.00 999 1025.6  10.2  18.5   0.5 99.0 99.00
2015 01 01 20 50 275  2.8  3.9  0.53  7.69  6.11  81 1025.6  10.4  18.5   1.1 99.0 99.00
2015 01 01 21 20 251  2.9  4.3 99.00 99.00 99.00 999 1025.3  10.5  18.5   1.4 99.0 99.00
2015 01 01 21 50 260  3.3  4.3  0.53  8.33  6.29  86 1025.7  10.5  18.5   1.9 99.0 99.00
2015 01 01 22 20 263  3.8  4.9 99.00 99.00 99.00 999 1026.1  10.5  18.4   2.0 99.0 99.00
2015 01 01 22 50 248  3.3  5.8  0.49  7.69  6.41  92 1025.7  10.9  18.3   2.9 99.0 99.00
2015 01 01 23 50 239  4.4  5.7  0.45  7.69  6.18  96 1025.6  11.4  18.1   2.0 99.0 99.00
2015 01 02 00 20 223  4.1  5.7 99.00 99.00 99.00 999 1025.6  11.6  17.9   3.1 99.0 99.00
2015 01 02 00 50 234  5.9  7.4  0.49  7.69  6.60  96 1025.7  12.2  17.8   3.5 99.0 99.00
2015 01 02 01 20 241  6.2  7.5 99.00 99.00 99.00 999 1026.1  12.4  17.7   3.9 99.0 99.00
2015 01 02 01 50 244  7.2  8.5  0.47  7.69  4.24  89 1025.8  12.6  17.7   3.2 99.0 99.00
2015 01 02 02 20 236  6.5  7.8 99.00 99.00 99.00 999 1025.5  12.8  17.6   3.7 99.0 99.00
2015 01 02 02 50 245  7.6  8.8  0.61  8.33  3.71  94 1025.7  13.0  17.6   3.6 99.0 99.00
2015 01 02 03 20 254  7.2  8.3 99.00 99.00 99.00 999 1025.9  13.1  17.5   4.8 99.0 99.00
2015 01 02 03 50 255  7.4  8.8  0.70  7.69  3.70  98 1026.1  13.2  17.5   5.5 99.0 99.00
2015 01 02 04 20 251  6.9  8.0 99.00 99.00 99.00 999 1026.2  13.3  17.4   6.1 99.0 99.00
2015 01 02 04 50 249  6.8  8.4  0.71  3.57  3.69 254 1026.1  13.2  17.4   5.8 99.0 99.00
2015 01 02 05 20 253  6.0  7.2 99.00 99.00 99.00 999 1026.0  13.4  17.4   6.9 99.0 99.00
2015 01 02 05 50 247  6.0  7.2  0.66  3.57  3.78 255 1025.9  13.5  17.4   6.6 99.0 99.00
2015 01 02 06 20 244  6.8  8.1 99.00 99.00 99.00 999 1025.9  13.8  17.4   6.6 99.0 99.00
2015 01 02 06 50 247  6.4  7.5  0.64  3.70  3.74 262 1025.9  13.9  17.4   6.6 99.0 99.00
2015 01 02 07 20 252  6.0  6.8 99.00 99.00 99.00 999 1025.6  14.0  17.4   7.2 99.0 99.00
2015 01 02 07 50 247  5.2  6.2  0.60  3.70  3.69 272 1025.3  14.0  17.5   7.9 99.0 99.00
2015 01 02 08 20 267  5.1  6.1 99.00 99.00 99.00 999 1025.5  14.0  17.5   8.3 99.0 99.00
2015 01 02 08 50 266  5.1  6.2  0.50  7.69  3.68 120 1025.3  14.0  17.5   8.3 99.0 99.00
2015 01 02 09 20 272  6.2  7.2 99.00 99.00 99.00 999 1025.5  14.0  17.5   8.7 99.0 99.00
2015 01 02 09 50 277  6.6  7.8  0.49  3.03  3.39 255 1025.4  13.9  17.5   8.7 99.0 99.00
2015 01 02 10 20 269  6.4  7.6 99.00 99.00 99.00 999 1025.4  14.0  17.4   7.7 99.0 99.00
2015 01 02 10 50 264  7.4  8.7  0.51  7.69  3.31 117 1025.7  13.9  17.3   7.3 99.0 99.00
2015 01 02 11 20 260  6.7  8.1 99.00 99.00 99.00 999 1025.7  14.0  17.2   6.6 99.0 99.00
2015 01 02 11 50 255  6.4  7.3  0.54  3.23  3.25 275 1026.1  14.4  17.1   7.4 99.0 99.00
2015 01 02 12 20 259  6.8  8.1 99.00 99.00 99.00 999 1026.6  14.3  17.1   6.4 99.0 99.00
2015 01 02 12 50 250  5.9  6.8  0.55  3.13  3.35 269 1026.7  14.5  16.9   6.7 99.0 99.00
2015 01 02 13 20 259  6.5  7.4 99.00 99.00 99.00 999 1027.4  14.5  16.8   6.7 99.0 99.00
2015 01 02 13 50 260  5.6  6.7  0.48  3.03  3.46 263 1027.6  14.3  16.7   6.8 99.0 99.00
2015 01 02 14 20 253  5.1  6.2 99.00 99.00 99.00 999 1027.6  14.4  16.6   6.5 99.0 99.00
2015 01 02 14 50 244  5.0  5.7  0.48  3.13  3.46 255 1028.0  14.3  16.6   6.3 99.0 99.00
2015 01 02 15 20 247  5.0  5.7 99.00 99.00 99.00 999 1028.3  14.3  16.4   7.0 99.0 99.00
2015 01 02 15 50 252  3.5  4.5  0.48  3.23  3.55 251 1027.5  14.2  16.3   7.1 99.0 99.00
2015 01 02 16 20 257  4.0  4.6 99.00 99.00 99.00 999 1027.3  14.2  16.3   7.1 99.0 99.00
2015 01 02 16 50 283  5.2  6.1  0.43  3.13  3.67 243 1027.5  14.2  16.2   7.7 99.0 99.00
2015 01 02 17 20 263  4.4  5.2 99.00 99.00 99.00 999 1026.9  13.9  16.2   7.2 99.0 99.00
2015 01 02 17 50 259  3.3  4.2  0.42  7.14  3.67 145 1026.2  13.9  16.2   6.7 99.0 99.00
2015 01 02 18 20 284  3.3  4.0 99.00 99.00 99.00 999 1026.2  13.9  16.3   6.6 99.0 99.00
2015 01 02 18 50 259  2.9  3.5  0.39  7.14  3.80 127 1026.2  14.0  16.4   6.2 99.0 99.00
2015 01 02 19 20 254  2.4  3.1 99.00 99.00 99.00 999 1026.2  14.2  16.5   6.0 99.0 99.00
2015 01 02 19 50 276  3.5  4.1  0.39  7.14  3.99 149 1027.1  14.3  16.5   6.2 99.0 99.00
2015 01 02 20 20 284  3.3  3.9 99.00 99.00 99.00 999 1027.3  14.5  16.5   6.4 99.0 99.00
2015 01 02 20 50 274  1.9  2.6  0.39  7.14  3.87 149 1027.3  14.6  16.5   6.5 99.0 99.00
2015 01 02 21 20 218  0.7  1.2 99.00 99.00 99.00 999 1026.5  14.6  16.6   6.6 99.0 99.00
2015 01 02 21 50 255  1.7  2.2  0.35  8.33  3.98 131 1027.2  14.8  16.5   6.0 99.0 99.00
2015 01 02 22 20 232  1.4  1.9 99.00 99.00 99.00 999 1027.0  14.8  16.4   6.0 99.0 99.00
2015 01 02 22 50 329  2.4  3.1  0.41  7.69  4.57 152 1027.5  14.9  16.4   6.9 99.0 99.00
2015 01 02 23 20 359  3.1  3.8 99.00 99.00 99.00 999 1027.6  14.8  16.5   8.0 99.0 99.00
2015 01 02 23 50  17  1.9  2.7  0.37  7.69  4.69 138 1028.0  15.1  16.4   6.5 99.0 99.00
2015 01 03 00 20   8  2.0  2.6 99.00 99.00 99.00 999 1028.4  15.2  16.4   6.7 99.0 99.00
2015 01 03 00 50 360  3.0  4.3  0.34  8.33  4.41 160 1028.7  15.3  16.4   6.7 99.0 99.00
2015 01 03 01 20   5  4.7  5.7 99.00 99.00 99.00 999 1028.8  14.9  16.3   8.3 99.0 99.00
2015 01 03 01 50   6  4.0  4.8  0.32  7.69  5.10 150 1028.9  15.2  16.3   8.3 99.0 99.00
2015 01 03 02 20  13  3.8  4.7 99.00 99.00 99.00 999 1028.9  15.2  16.2   8.3 99.0 99.00
2015 01 03 02 50  38  4.1  4.7  0.28  8.33  5.01 156 1028.5  14.7  16.2   9.4 99.0 99.00
2015 01 03 03 20  57  3.5  4.2 99.00 99.00 99.00 999 1028.3  14.6  16.2   9.4 99.0 99.00
2015 01 03 03 50  59  4.5  5.4  0.32  7.69  4.63 141 1028.2  14.7  16.1   9.2 99.0 99.00
2015 01 03 04 20  98  4.6  5.8 99.00 99.00 99.00 999 1028.4  14.6  16.1   9.8 99.0 99.00
2015 01 03 04 50  66  4.6  5.4  0.30  7.14  4.27 169 1028.3  14.8  16.2   9.7 99.0 99.00
2015 01 03 05 20  64  4.9  5.6 99.00 99.00 99.00 999 1028.3  15.2  16.2   9.7 99.0 99.00
2015 01 03 05 50  60  5.0  6.0  0.35  7.69  3.53 127 1028.0  15.3  16.3  10.6 99.0 99.00
2015 01 03 06 20  46  5.1  6.4 99.00 99.00 99.00 999 1027.9  15.5  16.5  10.5 99.0 99.00
2015 01 03 06 50  60  6.4  7.3  0.36  2.86  3.34  57 1027.8  15.5  16.7  10.5 99.0 99.00
2015 01 03 07 20  61  6.6  7.5 99.00 99.00 99.00 999 1027.7  15.7  16.8  10.7 99.0 99.00
2015 01 03 07 50  64  6.5  7.5  0.47  3.13  3.32  58 1027.8  16.2  16.7  11.4 99.0 99.00
2015 01 03 08 20  49  6.1  7.0 99.00 99.00 99.00 999 1027.9  16.6  16.9  12.4 99.0 99.00
2015 01 03 08 50  36  7.6  8.7  0.48  3.23  3.36  65 1027.4  16.6  16.9  13.1 99.0 99.00
2015 01 03 09 20  30  9.2 10.4 99.00 99.00 99.00 999 1027.1  15.4  16.9  13.3 99.0 99.00
2015 01 03 09 50  51  9.9 11.7  0.65  3.45  3.34  63 1026.8  15.2  16.7  13.1 99.0 99.00
2015 01 03 10 20  53 10.3 11.9 99.00 99.00 99.00 999 1026.8  15.6  16.4  13.3 99.0 99.00
2015 01 03 10 50  57  9.8 11.5  0.92  4.00  3.67  58 1026.6  16.1  16.1  14.0 99.0 99.00
2015 01 03 11 20  58 10.4 12.1 99.00 99.00 99.00 999 1026.2  16.7  15.7  14.6 99.0 99.00
2015 01 03 11 50  60 10.2 11.7  1.23  4.55  4.07  52 1026.1  17.1  15.4  15.0 99.0 99.00
2015 01 03 12 20  59  8.6  9.8 99.00 99.00 99.00 999 1026.6  17.3  15.3  15.3 99.0 99.00
2015 01 03 12 50  60  8.0  9.6  1.24  4.55  4.26  54 1026.8  17.5  15.1  15.9 99.0 99.00
2015 01 03 13 20  76  7.9  9.7 99.00 99.00 99.00 999 1027.0  18.0  15.1  17.3 99.0 99.00
2015 01 03 13 50  79  7.7  9.4  1.25  4.76  4.40  64 1027.3  18.2  15.0  17.5 99.0 99.00
2015 01 03 14 20  75  7.6  9.0 99.00 99.00 99.00 999 1027.4  18.2  14.9  17.7 99.0 99.00
2015 01 03 14 50  82  8.0  9.7  1.52  7.14  4.77 163 1027.2  18.5  15.0  18.0 99.0 99.00
2015 01 03 15 20  87  6.7  8.4 99.00 99.00 99.00 999 1027.0  18.5  15.0  18.3 99.0 99.00
2015 01 03 15 50  95  7.3  8.1  1.71  6.25  5.07 128 1026.3  18.7  15.1  18.5 99.0 99.00
2015 01 03 16 20  91  5.2  5.9 99.00 99.00 99.00 999 1026.0  18.7  15.1  18.5 99.0 99.00
2015 01 03 16 50 111  5.4  6.2  1.57  6.25  5.20 133 1025.2  18.7  15.1  18.7 99.0 99.00
2015 01 03 17 20 121  3.7  4.5 99.00 99.00 99.00 999 1024.9  18.5  15.2  18.5 99.0 99.00
2015 01 03 17 50 119  2.6  3.1  1.53  6.25  4.97 116 1024.6  18.2  15.4  18.2 99.0 99.00
2015 01 03 18 20 126  2.9  3.5 99.00 99.00 99.00 999 1024.3  18.3  15.3  18.3 99.0 99.00
2015 01 03 18 50 149  3.4  4.2  1.51  5.88  5.05 122 1024.0  18.3  15.3  18.3 99.0 99.00
2015 01 03 19 20 170  3.8  4.1 99.00 99.00 99.00 999 1023.9  18.2  15.3  18.2 99.0 99.00
2015 01 03 19 50 189  3.7  4.1  1.50  6.25  5.27 125 1023.7  18.1  15.2  18.1 99.0 99.00
2015 01 03 20 20 209  5.6  6.3 99.00 99.00 99.00 999 1023.6  18.6  15.1  18.6 99.0 99.00
2015 01 03 20 50 207  4.3  4.8  1.44  6.67  5.30  88 1024.0  17.6  15.1  17.6 99.0 99.00
2015 01 03 21 20 212  3.7  4.1 99.00 99.00 99.00 999 1024.1  17.7  15.1  17.7 99.0 99.00
2015 01 03 21 50 198  3.4  3.8  1.36  6.25  5.34 105 1024.1  17.3  15.0  17.3 99.0 99.00
2015 01 03 22 20 190  2.7  3.1 99.00 99.00 99.00 999 1024.2  17.3  15.0  17.3 99.0 99.00
2015 01 03 22 50 244  1.0  1.8  1.39  6.25  5.30 127 1024.1  17.1  14.9  17.1 99.0 99.00
2015 01 03 23 20 273  1.8  2.6 99.00 99.00 99.00 999 1024.2  17.5  14.9  17.5 99.0 99.00
2015 01 03 23 50 191  1.1  2.3  1.54  6.67  5.44 133 1024.1  18.1  14.9  18.1 99.0 99.00
2015 01 04 00 20 243  0.8  1.2 99.00 99.00 99.00 999 1024.3  18.1  14.8  18.1 99.0 99.00
2015 01 04 00 50 205  5.4  6.1  1.57  7.14  5.60 116 1024.3  18.4  14.8  18.4 99.0 99.00
2015 01 04 01 20 203  6.1  6.8 99.00 99.00 99.00 999 1024.1  18.4  14.7  18.4 99.0 99.00
2015 01 04 01 50 190  6.9  7.9  1.81  6.67  5.63 152 1023.9  18.9  14.6  18.9 99.0 99.00
2015 01 04 02 20 196  7.2  8.1 99.00 99.00 99.00 999 1024.1  19.0  14.5  19.0 99.0 99.00
2015 01 04 02 50 196  6.7  7.7  1.84  7.14  5.58 143 1024.1  18.8  14.5  18.8 99.0 99.00
2015 01 04 03 20 246  4.4  5.7 99.00 99.00 99.00 999 1024.5 999.0  14.4 999.0 99.0 99.00
2015 01 04 03 50 196  7.1  8.4  2.15  7.14  5.74 154 1023.9  18.9  14.4  18.9 99.0 99.00
2015 01 04 04 20 194  7.1  7.9 99.00 99.00 99.00 999 1023.8  18.8  14.4  18.8 99.0 99.00
2015 01 04 04 50 197  5.9  7.0  2.12  7.14  5.72 154 1023.7  18.5  14.4  18.5 99.0 99.00
2015 01 04 05 20 199  7.3  9.6 99.00 99.00 99.00 999 1023.4  18.7  14.3  18.7 99.0 99.00
2015 01 04 05 50 195  7.2  8.3  2.27  7.14  5.67 161 1023.3  18.9  14.3  18.7 99.0 99.00
2015 01 04 06 20 188  7.3  8.2 99.00 99.00 99.00 999 1023.0  18.7  14.3  18.7 99.0 99.00
2015 01 04 06 50 190  7.6  9.0  2.20  7.69  5.69 160 1023.0  18.7  14.2  18.7 99.0 99.00
2015 01 04 07 20 188  7.6  9.0 99.00 99.00 99.00 999 1022.9  18.8  14.2  18.7 99.0 99.00
2015 01 04 07 50 189  8.3  9.3  2.38  7.14  5.72 168 1022.6  19.0  14.1  18.9 99.0 99.00
2015 01 04 08 20 187  8.0  9.1 99.00 99.00 99.00 999 1022.3  18.8  14.1  18.8 99.0 99.00
2015 01 04 08 50 193  7.4  8.2  2.45  7.14  5.82 170 1022.1  18.9  14.0  18.8 99.0 99.00
2015 01 04 09 20 191  7.3  8.3 99.00 99.00 99.00 999 1021.7  18.7  14.0  18.7 99.0 99.00
2015 01 04 09 50 196  8.2  9.1  2.38  7.14  5.75 181 1021.6  18.9  14.0  18.9 99.0 99.00
2015 01 04 10 20 195  7.9  8.8 99.00 99.00 99.00 999 1021.4  19.0  14.1  18.7 99.0 99.00
2015 01 04 10 50 199  8.0  8.9  2.56  7.14  5.98 172 1021.4  19.1  14.2  18.7 99.0 99.00
2015 01 04 11 20 197  8.9 10.0 99.00 99.00 99.00 999 1021.2  19.3  14.2  18.8 99.0 99.00
2015 01 04 11 50 198  8.8 10.0  2.34  7.69  5.69 169 1021.2  19.2  14.3  18.7 99.0 99.00
2015 01 04 12 20 199  9.2 10.7 99.00 99.00 99.00 999 1021.1  19.4  14.5  19.0 99.0 99.00
2015 01 04 12 50 201  9.4 10.8  2.15  7.69  5.63 162 1021.5  19.3  14.6  18.7 99.0 99.00
2015 01 04 13 20 199  8.1  9.7 99.00 99.00 99.00 999 1021.8  19.0  14.6  18.5 99.0 99.00
2015 01 04 13 50 201  8.5  9.7  2.18  7.14  5.69 179 1021.9  19.1  14.7  18.4 99.0 99.00
2015 01 04 14 20 201  8.4  9.5 99.00 99.00 99.00 999 1022.1  19.1  14.7  18.5 99.0 99.00
2015 01 04 14 50 208  6.6  7.4  2.01  7.14  5.55 173 1022.3  18.6  14.7  18.2 99.0 99.00
2015 01 04 15 20 196  8.0  9.1 99.00 99.00 99.00 999 1021.9  18.9  14.7  18.6 99.0 99.00
2015 01 04 15 50 216  9.2 10.9  2.34  7.14  5.86 183 1022.2  17.4  14.7  17.4 99.0 99.00
2015 01 04 16 20 204  8.0  9.9 99.00 99.00 99.00 999 1021.4  18.0  14.6  18.0 99.0 99.00
2015 01 04 16 50 221 10.6 12.7  2.40  7.69  5.81 170 1021.1  18.1  14.6  17.9 99.0 99.00
2015 01 04 17 20 240  9.1 11.8 99.00 99.00 99.00 999 1020.8  17.9  14.6  17.6 99.0 99.00
2015 01 04 17 50 240  8.0 10.4  2.27  7.14  5.65 173 1020.2  17.9  14.6  17.1 99.0 99.00
2015 01 04 18 20 224  8.4  9.4 99.00 99.00 99.00 999 1019.6  18.6  14.6  17.8 99.0 99.00
2015 01 04 18 50 213  7.4  8.5  2.33  7.14  5.81 164 1019.2  18.0  14.6  18.0 99.0 99.00
2015 01 04 19 20 208  9.6 11.2 99.00 99.00 99.00 999 1018.9  18.0  14.7  18.0 99.0 99.00
2015 01 04 19 50 205  8.1  9.8  2.18  7.69  5.70 164 1018.7  17.9  14.7  17.8 99.0 99.00
2015 01 04 20 20 210  7.6  8.7 99.00 99.00 99.00 999 1018.7  18.0  14.8  17.3 99.0 99.00
2015 01 04 20 50 225  6.5  7.3  2.31  7.14  5.89 168 1018.4  17.8  14.8  17.6 99.0 99.00
2015 01 04 21 20 220  5.0  5.7 99.00 99.00 99.00 999 1018.6  16.9  14.9  16.9 99.0 99.00
2015 01 04 21 50 238  5.6  6.7  2.09  7.14  5.73 170 1018.7  16.9  14.9  16.9 99.0 99.00
2015 01 04 22 20 233  5.6  6.4 99.00 99.00 99.00 999 1018.7  16.9  14.9  16.9 99.0 99.00
2015 01 04 22 50 226  5.8  7.2  1.92  6.67  5.70 172 1018.9  16.6  14.9  16.6 99.0 99.00
2015 01 04 23 50 230 11.2 13.0  1.92  7.69  5.55 168 1018.0  18.1  14.9  18.1 99.0 99.00
2015 01 05 00 20 224 12.0 14.5 99.00 99.00 99.00 999 1017.3  19.1  14.9  18.1 99.0 99.00
2015 01 05 00 50 227 10.1 11.8  2.16  7.69  5.38 167 1017.3  18.6  14.9  17.3 99.0 99.00
2015 01 05 01 20 215 11.0 12.6 99.00 99.00 99.00 999 1016.7  18.9  14.9  17.5 99.0 99.00
2015 01 05 01 50 214 10.8 12.8  2.26  7.14  5.58 169 1016.3  19.1  14.9  17.3 99.0 99.00
2015 01 05 02 20 215  9.8 11.5 99.00 99.00 99.00 999 1016.2  18.8  14.9  17.5 99.0 99.00
2015 01 05 02 50 254 10.3 12.8  2.56  7.69  5.83 174 1017.6  17.6  14.9  17.0 99.0 99.00
2015 01 05 03 20 251 10.2 11.7 99.00 99.00 99.00 999 1017.5  17.2  14.9  16.6 99.0 99.00
2015 01 05 03 50 251 10.8 13.6  2.56  7.69  5.78 179 1017.8  17.2  14.9  16.7 99.0 99.00
2015 01 05 04 20 253 11.1 13.2 99.00 99.00 99.00 999 1017.9  16.8  14.8  16.4 99.0 99.00
2015 01 05 04 50 245 11.3 13.2  2.37  7.69  5.58 178 1017.7  16.7  14.8  16.1 99.0 99.00
2015 01 05 05 20 244 10.4 12.1 99.00 99.00 99.00 999 1018.0  16.5  14.8  15.9 99.0 99.00
2015 01 05 05 50 253  9.7 11.7  2.08  7.69  5.33 172 1017.5  16.1  14.7  15.6 99.0 99.00
2015 01 05 06 20 266 10.0 11.8 99.00 99.00 99.00 999 1018.2  16.5  14.7  15.5 99.0 99.00
2015 01 05 06 50 268 10.4 12.4  2.24  7.69  5.59 177 1018.4  16.8  14.7  15.7 99.0 99.00
2015 01 05 07 20 260  8.8 10.2 99.00 99.00 99.00 999 1019.1  16.2  14.7  15.3 99.0 99.00
2015 01 05 07 50 266  7.8  9.1  2.23  7.14  5.73 181 1019.8  15.8  14.7  14.9 99.0 99.00
2015 01 05 08 20 274  6.5  7.6 99.00 99.00 99.00 999 1020.2  15.4  14.7  14.2 99.0 99.00
2015 01 05 08 50 271  6.5  7.4  2.14  7.14  5.80 191 1020.7  15.4  14.6  12.9 99.0 99.00
2015 01 05 09 20 282  7.7  9.3 99.00 99.00 99.00 999 1020.7  15.6  14.6  12.2 99.0 99.00
2015 01 05 09 50 293  8.8 10.6  1.84  7.69  5.51 181 1020.9  15.4  14.6  12.1 99.0 99.00
2015 01 05 10 20 323 10.5 12.0 99.00 99.00 99.00 999 1021.1  14.8  14.5   7.7 99.0 99.00
2015 01 05 10 50 324  9.3 11.0  1.82  7.69  5.37 172 1022.0  14.4  14.5   8.1 99.0 99.00
2015 01 05 11 20 322 10.4 12.7 99.00 99.00 99.00 999 1022.6  14.0  14.3   7.0 99.0 99.00
2015 01 05 11 50 321 11.5 13.7  1.82  7.69  5.04 180 1023.2  13.6  14.2   6.0 99.0 99.00
2015 01 05 12 20 328  9.5 12.0 99.00 99.00 99.00 999 1024.1  13.2  14.2   5.8 99.0 99.00
2015 01 05 12 50 332  9.3 10.9  1.70  7.69  4.96 187 1024.9  12.8  14.2   5.5 99.0 99.00
2015 01 05 13 20 330  9.6 11.2 99.00 99.00 99.00 999 1025.8  12.2  14.2   5.2 99.0 99.00
2015 01 05 13 50 325 10.3 12.3  1.64  7.69  4.84 177 1026.2  12.3  14.1   4.7 99.0 99.00
2015 01 05 14 20 337 10.7 13.0 99.00 99.00 99.00 999 1027.0  11.5  14.1   4.6 99.0 99.00
2015 01 05 14 50 336  9.1 11.2  1.60  7.69  4.61 163 1027.6  11.1  14.1   4.0 99.0 99.00
2015 01 05 15 20 332  8.8 10.4 99.00 99.00 99.00 999 1027.8  10.9  14.1   3.3 99.0 99.00
2015 01 05 15 50 332  8.9 10.9  1.45  4.17  4.52 323 1027.8  10.8  14.0   3.3 99.0 99.00
2015 01 05 16 20 331  8.7 10.3 99.00 99.00 99.00 999 1028.0  10.8  14.0   3.3 99.0 99.00
2015 01 05 16 50 323  8.4  9.6  1.29  7.69  4.51 171 1027.6  10.9  14.0   3.2 99.0 99.00
2015 01 05 17 20 319  7.8  9.3 99.00 99.00 99.00 999 1027.4  10.7  14.1   2.6 99.0 99.00
2015 01 05 17 50 314  6.7  8.4  1.22  8.33  4.52 156 1027.2  10.9  14.1   2.7 99.0 99.00
2015 01 05 18 20 318  6.2  7.8 99.00 99.00 99.00 999 1027.3  11.2  14.1   2.0 99.0 99.00
2015 01 05 18 50 322  6.3  7.5  1.08  7.69  4.69 169 1027.2  11.5  14.1  -0.5 99.0 99.00
2015 01 05 19 20 309  5.3  6.5 99.00 99.00 99.00 999 1027.6  11.6  14.1   0.4 99.0 99.00
2015 01 05 19 50 333  6.8  9.6  1.02  7.14  4.87 149 1027.7  12.1  14.0  -0.3 99.0 99.00
2015 01 05 20 20 335  6.7  8.1 99.00 99.00 99.00 999 1028.1  11.8  13.9   0.3 99.0 99.00
2015 01 05 20 50 338  7.4  9.2  0.94  6.67  4.63 184 1028.4  11.8  13.9  -0.1 99.0 99.00
2015 01 05 21 20 327  5.3  6.5 99.00 99.00 99.00 999 1028.6  11.8  13.9  -0.2 99.0 99.00
2015 01 05 21 50 326  4.2  5.3  0.91  7.69  4.72 158 1028.9  11.8  14.0   1.0 99.0 99.00
2015 01 05 22 20 324  5.7  7.2 99.00 99.00 99.00 999 1029.0  12.1  14.0   0.4 99.0 99.00
2015 01 05 22 50 320  5.4  7.2  0.83  7.14  4.62 167 1029.2  12.1  14.1  -0.1 99.0 99.00
2015 01 05 23 20 320  5.4  6.6 99.00 99.00 99.00 999 1029.4  12.0  14.1  -1.0 99.0 99.00
2015 01 05 23 50 314  5.1  6.5  0.83  6.67  4.53 178 1029.7  12.0  14.2  -0.2 99.0 99.00
2015 01 06 00 20 320  5.2  6.3 99.00 99.00 99.00 999 1030.0  12.0  14.2  -0.9 99.0 99.00
2015 01 06 00 50 326  5.3  6.8  0.80  6.67  4.45 173 1030.3  12.1  14.3  -0.2 99.0 99.00
2015 01 06 01 20 325  4.9  6.1 99.00 99.00 99.00 999 1030.5  12.0  14.3  -0.8 99.0 99.00
2015 01 06 01 50 336  4.8  5.9  0.81  6.67  4.51 179 1030.7  12.0  14.3  -1.6 99.0 99.00
2015 01 06 02 20 340  3.9  5.3 99.00 99.00 99.00 999 1030.8  12.0  14.3  -0.2 99.0 99.00
2015 01 06 02 50 350  3.6  4.8  0.71  8.33  4.60 136 1030.9  11.8  14.3  -1.1 99.0 99.00
2015 01 06 03 20 360  4.5  5.6 99.00 99.00 99.00 999 1031.1  11.8  14.3  -1.1 99.0 99.00
2015 01 06 03 50   5  4.8  5.7  0.70  6.67  4.66 157 1031.0  11.7  14.3  -1.5 99.0 99.00
2015 01 06 04 20  12  5.4  6.4 99.00 99.00 99.00 999 1030.7  11.3  14.2   0.1 99.0 99.00
2015 01 06 04 50  27  5.2  6.7  0.70  8.33  4.58 125 1030.5  10.9  14.1  -0.2 99.0 99.00
2015 01 06 05 20  30  5.3  6.3 99.00 99.00 99.00 999 1030.3  10.4  14.1  -0.7 99.0 99.00
2015 01 06 05 50  26  5.0  5.9  0.72  7.69  4.47 135 1030.2  10.4  14.1  -1.0 99.0 99.00
2015 01 06 06 20  46  4.5  5.4 99.00 99.00 99.00 999 1029.8  10.3  14.1  -1.2 99.0 99.00
2015 01 06 06 50  46  4.0  5.1  0.80  8.33  4.76 145 1029.6  10.2  14.1  -1.1 99.0 99.00
2015 01 06 07 20  53  4.1  5.4 99.00 99.00 99.00 999 1029.4  10.2  14.1  -1.4 99.0 99.00
2015 01 06 07 50  61  3.3  4.5  0.77  8.33  4.68 126 1028.9  10.2  14.1  -1.5 99.0 99.00
2015 01 06 08 20  51  2.5  3.7 99.00 99.00 99.00 999 1029.0  10.3  14.1  -2.0 99.0 99.00
2015 01 06 08 50  53  1.8  3.0  0.74  8.33  5.01 128 1028.8  10.3  14.2  -1.9 99.0 99.00
2015 01 06 09 20  46  2.1  3.1 99.00 99.00 99.00 999 1028.4  10.3  14.3  -1.9 99.0 99.00
2015 01 06 09 50  55  2.3  3.3  0.69  7.14  5.06 126 1027.7  10.5  14.4  -1.6 99.0 99.00
2015 01 06 10 20  54  2.0  3.0 99.00 99.00 99.00 999 1027.6  10.6  14.5  -1.6 99.0 99.00
2015 01 06 10 50  53  2.5  3.2  0.66  7.69  5.36 137 1027.6  10.7  14.5  -1.2 99.0 99.00
2015 01 06 11 20  57  2.3  3.1 99.00 99.00 99.00 999 1027.3  10.8  14.6  -1.4 99.0 99.00
2015 01 06 11 50  36  2.4  3.2  0.69  9.09  5.67 129 1027.3  10.9  14.7  -1.3 99.0 99.00
2015 01 06 12 20  30  2.5  3.3 99.00 99.00 99.00 999 1027.1  11.0  14.8  -0.5 99.0 99.00
2015 01 06 12 50  11  2.4  3.4  0.65  9.09  5.85 126 1027.1  11.2  14.8   0.0 99.0 99.00
2015 01 06 13 20  10  2.6  3.5 99.00 99.00 99.00 999 1027.1  11.3  14.9   0.0 99.0 99.00
2015 01 06 13 50  44  2.1  3.0  0.62  7.69  5.60 104 1026.6  11.4  15.0   0.1 99.0 99.00
2015 01 06 14 20  23  2.9  3.6 99.00 99.00 99.00 999 1026.7  11.5  15.1   0.5 99.0 99.00
2015 01 06 14 50  12  3.0  4.2  0.68 10.00  6.22 111 1026.4  11.6  15.3   1.4 99.0 99.00
2015 01 06 15 20 357  3.0  4.0 99.00 99.00 99.00 999 1026.0  11.6  15.4   2.1 99.0 99.00
2015 01 06 15 50 358  2.3  2.9  0.70  9.09  6.43 122 1025.3  11.6  15.3   2.6 99.0 99.00
2015 01 06 16 20 354  2.7  3.4 99.00 99.00 99.00 999 1024.5  11.6  15.3   3.3 99.0 99.00
2015 01 06 16 50 335  1.9  2.7  0.70  9.09  6.57 132 1023.5  11.7  15.4   3.4 99.0 99.00
2015 01 06 17 20 313  2.7  3.4 99.00 99.00 99.00 999 1022.7  11.8  15.6   3.9 99.0 99.00
2015 01 06 17 50 296  3.1  4.0  0.68  9.09  6.48 126 1021.9  11.8  15.4   4.3 99.0 99.00
2015 01 06 18 20 281  2.8  3.8 99.00 99.00 99.00 999 1021.2  11.8  15.4   4.7 99.0 99.00
2015 01 06 18 50 272  3.5  4.4  0.73  9.09  6.37 127 1020.5  12.0  15.4   4.8 99.0 99.00
2015 01 06 19 20 259  4.6  6.6 99.00 99.00 99.00 999 1020.0  12.5  15.4   5.5 99.0 99.00
2015 01 06 19 50 256  6.0  7.5  0.70  9.09  5.98 118 1019.7  13.1  15.4   6.2 99.0 99.00
2015 01 06 20 20 254  6.1  7.1 99.00 99.00 99.00 999 1019.6  13.4  15.5   7.2 99.0 99.00
2015 01 06 20 50 256  8.9 10.2  0.74  8.33  5.04 130 1019.1  14.2  15.7   8.6 99.0 99.00
2015 01 06 21 20 250  9.6 11.2 99.00 99.00 99.00 999 1018.7  14.2  15.8   8.6 99.0 99.00
2015 01 06 21 50 243  9.3 11.1  0.90  8.33  3.96 114 1018.5  14.2  15.6   8.7 99.0 99.00
2015 01 06 22 20 247  9.4 11.0 99.00 99.00 99.00 999 1018.5  14.4  15.5   8.7 99.0 99.00
2015 01 06 22 50 252  9.6 11.3  1.14  4.55  4.12 213 1018.6  14.6  15.6   8.3 99.0 99.00
2015 01 06 23 20 259  9.0 10.6 99.00 99.00 99.00 999 1019.0  14.7  15.6   8.8 99.0 99.00
2015 01 06 23 50 265  8.8  9.8  1.22  5.00  4.34 213 1019.3  14.7  15.6   8.1 99.0 99.00
2015 01 07 00 20 270  7.9  9.3 99.00 99.00 99.00 999 1019.4  14.7  15.6   7.0 99.0 99.00
2015 01 07 00 50 277  7.3  8.9  1.29  5.56  4.64 203 1019.7  14.7  15.6   5.9 99.0 99.00
2015 01 07 01 20 274  7.0  8.0 99.00 99.00 99.00 999 1019.6  14.6  15.6   4.8 99.0 99.00
2015 01 07 01 50 279  7.6  8.7  1.26  5.26  4.61 219 1019.6  14.6  15.5   2.9 99.0 99.00
2015 01 07 02 20 281  7.8  8.9 99.00 99.00 99.00 999 1019.8  14.5  15.5   2.7 99.0 99.00
2015 01 07 02 50 310  8.7 10.1  1.27  5.88  4.64 198 1019.8  13.8  15.5   2.1 99.0 99.00
2015 01 07 03 20 339  6.5  7.8 99.00 99.00 99.00 999 1020.0  13.0  15.5   1.1 99.0 99.00
2015 01 07 03 50 352  5.6  6.9  1.23  6.25  4.76 186 1019.7  12.7  15.5   1.6 99.0 99.00
2015 01 07 04 20 356  4.8  5.7 99.00 99.00 99.00 999 1019.6  12.3  15.4   1.8 99.0 99.00
2015 01 07 04 50 357  5.0  6.7  1.06  6.67  4.75 181 1019.5  12.1  15.3   1.5 99.0 99.00
2015 01 07 05 20 356  4.7  5.5 99.00 99.00 99.00 999 1019.4  12.0  15.3   0.4 99.0 99.00
2015 01 07 05 50 344  4.5  5.8  1.03  6.67  4.81 186 1019.3  11.9  15.2  -1.0 99.0 99.00
2015 01 07 06 20 346  5.4  6.7 99.00 99.00 99.00 999 1019.0  11.8  15.2  -1.3 99.0 99.00
2015 01 07 06 50   3  6.4  7.4  1.02  6.25  4.71 180 1018.9  11.0  15.1   0.8 99.0 99.00
2015 01 07 07 20   5  6.1  7.3 99.00 99.00 99.00 999 1019.1  10.3  15.1   2.3 99.0 99.00
2015 01 07 07 50  12  6.3  7.8  1.00  6.25  4.54 184 1018.9  10.0  15.2   1.1 99.0 99.00
2015 01 07 08 20  10  7.6  8.7 99.00 99.00 99.00 999 1018.8   9.4  15.2   0.8 99.0 99.00
2015 01 07 08 50   6  9.0 10.7  0.99  7.14  4.42 187 1018.7   8.8  15.2   0.7 99.0 99.00
2015 01 07 09 20   9  7.3  8.9 99.00 99.00 99.00 999 1018.9   8.5  15.3   0.5 99.0 99.00
2015 01 07 09 50   5  6.9  8.5  1.14  6.25  4.47 194 1018.8   8.2  15.4   0.2 99.0 99.00
2015 01 07 10 20  10  6.8  8.6 99.00 99.00 99.00 999 1018.8   8.0  15.4  -0.5 99.0 99.00
2015 01 07 10 50  13  6.6  7.9  1.13  4.55  4.52 358 1018.7   7.9  15.4  -0.4 99.0 99.00
2015 01 07 11 20  10  6.0  7.3 99.00 99.00 99.00 999 1018.9   7.7  15.2  -1.3 99.0 99.00
2015 01 07 11 50   4  6.0  8.2  1.12  6.67  4.74 181 1018.8   7.7  15.4  -0.6 99.0 99.00
2015 01 07 12 20 350  6.2  7.6 99.00 99.00 99.00 999 1019.0   7.7  15.8  -0.8 99.0 99.00
2015 01 07 12 50 354  5.8  7.6  1.13  6.67  4.79 184 1019.1   7.6  16.0  -1.4 99.0 99.00
2015 01 07 13 20 355  5.2  7.4 99.00 99.00 99.00 999 1019.1   7.7  16.2  -1.4 99.0 99.00
2015 01 07 13 50 337  5.5  7.2  0.98  6.25  4.80 179 1019.4   7.8  16.2  -1.5 99.0 99.00
2015 01 07 14 20 331  6.5  8.3 99.00 99.00 99.00 999 1019.7   8.0  16.3  -1.4 99.0 99.00
2015 01 07 14 50 326  7.4  9.5  1.02  7.14  4.92 173 1019.9   7.8  16.4  -1.2 99.0 99.00
2015 01 07 15 20 330  7.7  9.6 99.00 99.00 99.00 999 1019.5   7.5  16.3  -1.6 99.0 99.00
2015 01 07 15 50 314  7.9  9.3  0.99  7.14  4.62 167 1020.0   7.6  16.3  -1.3 99.0 99.00
2015 01 07 16 20 323  7.9  9.1 99.00 99.00 99.00 999 1019.2   7.2  16.3  -1.7 99.0 99.00
2015 01 07 16 50 327  8.5 10.4  1.04  6.25  4.56 174 1018.5   7.5  16.2  -1.0 99.0 99.00
2015 01 07 17 20 330  8.3 10.7 99.00 99.00 99.00 999 1017.6   7.5  16.9  -1.4 99.0 99.00
2015 01 07 17 50 323  7.5  9.3  0.97  3.45  4.11 333 1017.7   7.3  16.9  -1.9 99.0 99.00
2015 01 07 18 20 329  8.3 11.1 99.00 99.00 99.00 999 1017.2   7.2  16.6  -1.8 99.0 99.00
2015 01 07 18 50 334  7.5 10.2  1.02  6.67  4.43 165 1017.3   6.9  16.4  -2.6 99.0 99.00
2015 01 07 19 20 323  7.1  9.9 99.00 99.00 99.00 999 1017.6   7.1  16.0  -2.1 99.0 99.00
2015 01 07 19 50 318  7.4  9.3  1.03  4.17  4.33 327 1017.9   7.3  15.8  -1.9 99.0 99.00
2015 01 07 20 20 323  7.1  9.2 99.00 99.00 99.00 999 1018.3   7.3  15.7  -1.7 99.0 99.00
2015 01 07 20 50 313  5.2 10.3  0.93  4.00  4.18 320 1018.8   7.3  16.0  -1.6 99.0 99.00
2015 01 07 21 20 253  0.9  2.9 99.00 99.00 99.00 999 1018.9   7.1 999.0  -1.7 99.0 99.00
2015 01 07 21 50   4  1.2  3.0 99.00 99.00 99.00 999 1019.5   6.4 999.0  -2.0 99.0 99.00
2015 01 07 22 20  13  1.1  2.7 99.00 99.00 99.00 999 1019.8   5.6 999.0  -2.7 99.0 99.00
2015 01 07 22 50  16  1.3  3.5 99.00 99.00 99.00 999 1020.7   5.3 999.0  -3.7 99.0 99.00
2015 01 07 23 50 307  4.3 10.4 99.00 99.00 99.00 999 1021.9   4.2 999.0  -4.8 99.0 99.00
2015 01 08 00 20 300  5.2  7.2 99.00 99.00 99.00 999 1022.4   3.7 999.0  -5.8 99.0 99.00
2015 01 08 00 50 301  5.0  7.2 99.00 99.00 99.00 999 1022.9   3.3 999.0  -6.8 99.0 99.00
2015 01 08 01 20 298  5.9  7.9 99.00 99.00 99.00 999 1023.6   2.6 999.0  -9.2 99.0 99.00
2015 01 08 01 50 297  4.7  6.9 99.00 99.00 99.00 999 1024.5   2.3 999.0  -9.1 99.0 99.00
2015 01 08 02 20 300  5.6  7.1 99.00 99.00 99.00 999 1024.9   1.8 999.0 -10.6 99.0 99.00
2015 01 08 02 50 298  5.5  7.2 99.00 99.00 99.00 999 1025.6   1.3 999.0  -9.5 99.0 99.00
2015 01 08 03 20 299  7.0  8.6 99.00 99.00 99.00 999 1025.9   0.6 999.0 -10.6 99.0 99.00
2015 01 08 03 50 297  5.9  8.1 99.00 99.00 99.00 999 1026.7   0.3 999.0 -10.2 99.0 99.00
2015 01 08 04 20 300  5.3  8.6 99.00 99.00 99.00 999 1027.5  -0.4 999.0 -11.4 99.0 99.00
2015 01 08 04 50 298  4.2  6.8 99.00 99.00 99.00 999 1028.4  -1.2 999.0 -12.2 99.0 99.00
2015 01 08 05 20 300  6.4  8.5 99.00 99.00 99.00 999 1029.1  -2.0 999.0 -12.8 99.0 99.00
2015 01 08 05 50 300  4.7  7.0 99.00 99.00 99.00 999 1030.0  -2.3 999.0 -12.0 99.0 99.00
2015 01 08 06 20 298  5.5  8.3 99.00 99.00 99.00 999 1030.6  -3.1 999.0 -12.7 99.0 99.00
2015 01 08 06 50 300  4.9  7.5 99.00 99.00 99.00 999 1031.3  -3.8 999.0 -13.8 99.0 99.00
2015 01 08 07 20 298  3.9  6.4 99.00 99.00 99.00 999 1031.9  -4.0 999.0 -13.1 99.0 99.00
2015 01 08 07 50 302  4.4  6.4 99.00 99.00 99.00 999 1032.2  -4.7 999.0 -14.0 99.0 99.00
2015 01 08 08 20 298  4.3  7.2 99.00 99.00 99.00 999 1032.4  -5.1 999.0 -14.6 99.0 99.00
2015 01 08 08 50 301  5.7  7.8 99.00 99.00 99.00 999 1032.7  -5.6 999.0 -15.9 99.0 99.00
2015 01 08 09 20 301  5.4  7.6 99.00 99.00 99.00 999 1032.9  -5.8 999.0 -15.1 99.0 99.00
2015 01 08 09 50 301  4.4  6.2 99.00 99.00 99.00 999 1033.4  -6.0 999.0 -15.4 99.0 99.00
2015 01 08 10 20 301  4.6  7.4 99.00 99.00 99.00 999 1033.6  -6.2 999.0 -15.6 99.0 99.00
2015 01 08 10 50 300  4.0  6.7 99.00 99.00 99.00 999 1034.3  -6.3 999.0 -15.3 99.0 99.00
2015 01 08 11 20 300  4.5  6.3 99.00 99.00 99.00 999 1034.7  -6.6 999.0 -15.1 99.0 99.00
2015 01 08 11 50 298  4.0  6.5 99.00 99.00 99.00 999 1035.1  -6.8 999.0 -15.4 99.0 99.00
2015 01 08 12 20 299  3.7  5.5 99.00 99.00 99.00 999 1035.5  -6.9 999.0 -15.1 99.0 99.00
2015 01 08 12 50 301  4.2  5.8 99.00 99.00 99.00 999 1035.8  -6.9 999.0 -15.2 99.0 99.00
2015 01 08 13 20 299  3.9  5.8 99.00 99.00 99.00 999 1036.4  -6.9 999.0 -15.0 99.0 99.00
2015 01 08 13 50 292  3.0  5.7 99.00 99.00 99.00 999 1036.7  -6.6 999.0 -14.6 99.0 99.00
2015 01 08 14 20  38  2.3  4.2 99.00 99.00 99.00 999 1036.6  -6.0 999.0 -14.6 99.0 99.00
2015 01 08 14 50  42  1.4  3.7 99.00 99.00 99.00 999 1037.0  -6.0 999.0 -15.3 99.0 99.00
2015 01 08 15 20  35  2.3  5.1 99.00 99.00 99.00 999 1036.2  -5.8 999.0 -15.6 99.0 99.00
2015 01 08 15 50  34  2.6  4.8 99.00 99.00 99.00 999 1035.1  -5.2 999.0 -14.2 99.0 99.00
2015 01 08 16 20  35  2.2  4.1 99.00 99.00 99.00 999 1035.2  -5.0 999.0 -14.9 99.0 99.00
2015 01 08 16 50  39  1.4  3.3 99.00 99.00 99.00 999 1034.3  -4.4 999.0 -14.7 99.0 99.00
2015 01 08 17 20  37  1.3  4.0 99.00 99.00 99.00 999 1034.8  -4.1 999.0 -14.6 99.0 99.00
2015 01 08 17 50  19  1.2  5.4 99.00 99.00 99.00 999 1035.0  -3.6 999.0 -14.6 99.0 99.00
2015 01 08 18 20  19  1.0  3.8 99.00 99.00 99.00 999 1035.2  -3.6 999.0 -17.2 99.0 99.00
2015 01 08 18 50  43  0.9  2.9 99.00 99.00 99.00 999 1034.9  -2.9 999.0 -16.4 99.0 99.00
2015 01 08 19 20  40  1.1  2.6 99.00 99.00 99.00 999 1034.2  -2.6 999.0 -17.0 99.0 99.00
2015 01 08 19 50  37  1.0  2.8 99.00 99.00 99.00 999 1033.8  -2.4 999.0 -17.5 99.0 99.00
2015 01 08 20 20  44  0.9  2.5 99.00 99.00 99.00 999 1033.9  -2.4 999.0 -18.1 99.0 99.00
2015 01 08 20 50 347  0.6  1.8 99.00 99.00 99.00 999 1034.0  -2.3 999.0 -19.3 99.0 99.00
2015 01 08 21 20  60  0.6  1.2 99.00 99.00 99.00 999 1033.4  -2.2 999.0 -18.7 99.0 99.00
2015 01 08 21 50  71  1.1  1.9 99.00 99.00 99.00 999 1033.3  -2.3 999.0 -17.4 99.0 99.00
2015 01 08 22 20  67  1.2  2.3 99.00 99.00 99.00 999 1033.3  -2.8 999.0 -16.9 99.0 99.00
2015 01 08 22 50  69  1.1  1.9 99.00 99.00 99.00 999 1032.9  -3.1 999.0 -17.0 99.0 99.00
2015 01 08 23 20  49  1.3  2.2 99.00 99.00 99.00 999 1033.1  -3.1 999.0 -14.8 99.0 99.00
2015 01 08 23 50  67  1.2  2.0 99.00 99.00 99.00 999 1033.1  -3.3 999.0 -14.9 99.0 99.00
2015 01 09 00 20  55  0.9  1.5 99.00 99.00 99.00 999 1033.5  -3.4 999.0 -13.6 99.0 99.00
2015 01 09 00 50  48  1.2  1.7 99.00 99.00 99.00 999 1033.5  -3.3 999.0 -13.7 99.0 99.00
2015 01 09 01 20  52  0.3  1.4 99.00 99.00 99.00 999 1033.5  -3.1 999.0 -13.7 99.0 99.00
2015 01 09 01 50 308  2.4  2.9 99.00 99.00 99.00 999 1033.6  -2.2 999.0 -11.3 99.0 99.00
2015 01 09 02 20  59  0.5  1.8 99.00 99.00 99.00 999 1033.4  -2.5 999.0 -12.2 99.0 99.00
2015 01 09 02 50  69  0.3  1.7 99.00 99.00 99.00 999 1032.5  -2.2 999.0 -10.6 99.0 99.00
2015 01 09 03 20 355  1.1  2.9 99.00 99.00 99.00 999 1031.9  -2.1 999.0 -11.0 99.0 99.00
2015 01 09 03 50 354  1.2  3.6 99.00 99.00 99.00 999 1031.5  -2.6 999.0 -11.4 99.0 99.00
2015 01 09 04 20 322  3.3  5.4 99.00 99.00 99.00 999 1031.5  -2.1 999.0 -11.9 99.0 99.00
2015 01 09 04 50 353  1.6  4.2 99.00 99.00 99.00 999 1031.3  -2.2 999.0 -12.9 99.0 99.00
2015 01 09 05 20 353  1.5  3.4 99.00 99.00 99.00 999 1030.7  -2.4 999.0 -12.7 99.0 99.00
2015 01 09 05 50 337  1.7  4.0 99.00 99.00 99.00 999 1030.2  -2.4 999.0 -13.3 99.0 99.00
2015 01 09 06 20 348  1.6  3.9 99.00 99.00 99.00 999 1029.5  -2.4 999.0 -13.3 99.0 99.00
2015 01 09 06 50 324  1.1  1.9 99.00 99.00 99.00 999 1028.6  -2.1 999.0 -12.1 99.0 99.00
2015 01 09 07 20 250  0.5  1.6 99.00 99.00 99.00 999 1027.8  -2.4 999.0 -12.4 99.0 99.00
2015 01 09 07 50 315  1.3  2.3 99.00 99.00 99.00 999 1027.4  -1.7 999.0 -10.6 99.0 99.00
2015 01 09 08 20 326  0.8  1.9 99.00 99.00 99.00 999 1027.4  -1.0 999.0  -8.4 99.0 99.00
2015 01 09 08 50  44  0.4  1.3 99.00 99.00 99.00 999 1026.9  -1.3 999.0  -8.4 99.0 99.00
2015 01 09 09 20  15  0.4  1.5 99.00 99.00 99.00 999 1026.7  -0.9 999.0  -7.7 99.0 99.00
2015 01 09 09 50 312  1.8  2.9 99.00 99.00 99.00 999 1026.5  -1.2 999.0  -9.3 99.0 99.00
2015 01 09 10 20 318  2.3  4.0 99.00 99.00 99.00 999 1026.2  -0.9 999.0  -9.6 99.0 99.00
2015 01 09 10 50 309  2.4  3.2 99.00 99.00 99.00 999 1026.3  -1.2 999.0  -9.4 99.0 99.00
2015 01 09 11 20 318  1.9  3.0 99.00 99.00 99.00 999 1026.1  -0.5 999.0  -8.1 99.0 99.00
2015 01 09 11 50 299  1.3  1.9 99.00 99.00 99.00 999 1025.4   0.1 999.0  -6.4 99.0 99.00
2015 01 09 12 20 317  0.7  1.7 99.00 99.00 99.00 999 1025.0   0.3 999.0  -6.0 99.0 99.00
2015 01 09 12 50 253  0.3  0.9 99.00 99.00 99.00 999 1025.1   0.7 999.0  -5.0 99.0 99.00
2015 01 09 13 20 284  0.8  1.8 99.00 99.00 99.00 999 1025.4   2.6 999.0  -3.2 99.0 99.00
2015 01 09 13 50 230  1.9  4.6 99.00 99.00 99.00 999 1024.7   4.6 999.0  -0.1 99.0 99.00
2015 01 09 14 20 298  4.0  5.5 99.00 99.00 99.00 999 1024.9   2.6 999.0  -3.4 99.0 99.00
2015 01 09 14 50 302  4.9  7.3 99.00 99.00 99.00 999 1025.1   3.4 999.0  -2.2 99.0 99.00
2015 01 09 15 20 303  4.4  5.8 99.00 99.00 99.00 999 1024.7   4.2 999.0  -1.5 99.0 99.00
2015 01 09 15 50 293  3.9  5.7 99.00 99.00 99.00 999 1024.5   4.0   5.1  -0.4 99.0 99.00
2015 01 09 16 20 293  4.3  6.6 99.00 99.00 99.00 999 1024.2   3.7   5.2   0.0 99.0 99.00
2015 01 09 16 50 302  4.6  5.9 99.00 99.00 99.00 999 1023.7   4.6   5.5   1.0 99.0 99.00
2015 01 09 17 20 301  4.3  5.5 99.00 99.00 99.00 999 1023.0   4.9   6.4   0.9 99.0 99.00
2015 01 09 17 50 276  2.8  4.3 99.00 99.00 99.00 999 1022.4   5.6   6.9   1.8 99.0 99.00
2015 01 09 18 20 254  2.9  4.2 99.00 99.00 99.00 999 1022.2   6.4   7.4   2.9 99.0 99.00
2015 01 09 18 50 256  2.5  4.4 99.00 99.00 99.00 999 1021.6   7.2   8.0   2.6 99.0 99.00
2015 01 09 19 20 249  2.5  3.5 99.00 99.00 99.00 999 1021.4   7.5   8.3   2.6 99.0 99.00
2015 01 09 19 50 227  2.5  3.6 99.00 99.00 99.00 999 1021.1   8.1   8.6   3.2 99.0 99.00
2015 01 09 20 20 234  2.7  3.5 99.00 99.00 99.00 999 1020.8   8.6   9.0   3.4 99.0 99.00
2015 01 09 20 50 228  2.7  3.7 99.00 99.00 99.00 999 1020.6   8.9   9.3   3.6 99.0 99.00
2015 01 09 21 20 223  2.5  3.9 99.00 99.00 99.00 999 1020.6   9.2   9.5   4.7 99.0 99.00
2015 01 09 21 50 243  2.4  3.3 99.00 99.00 99.00 999 1020.8   9.5   9.6   4.7 99.0 99.00
2015 01 09 22 20 264  1.9  3.0 99.00 99.00 99.00 999 1021.3   9.5   9.3   4.9 99.0 99.00
2015 01 09 22 50 269  2.0  3.0 99.00 99.00 99.00 999 1021.6   9.6   9.0   5.1 99.0 99.00
2015 01 09 23 20 300  2.1  2.7 99.00 99.00 99.00 999 1021.9   9.2   8.8   5.5 99.0 99.00
2015 01 09 23 50 303  2.1  2.6 99.00 99.00 99.00 999 1022.6   7.9   8.3   5.0 99.0 99.00
2015 01 10 00 20   3  0.8  2.4 99.00 99.00 99.00 999 1023.1   8.2   7.5   0.9 99.0 99.00
2015 01 10 00 50 346  0.9  2.5 99.00 99.00 99.00 999 1023.7   7.9   6.6  -2.6 99.0 99.00
2015 01 10 01 20 344  1.0  2.4 99.00 99.00 99.00 999 1024.1   7.4   6.0  -3.7 99.0 99.00
2015 01 10 01 50 335  1.2  2.3 99.00 99.00 99.00 999 1024.6   7.1   5.6  -5.7 99.0 99.00
2015 01 10 02 20  27  1.1  2.9 99.00 99.00 99.00 999 1024.7   6.8   5.5  -6.7 99.0 99.00
2015 01 10 02 50  51  0.6  1.6 99.00 99.00 99.00 999 1024.8   6.1   5.3  -5.1 99.0 99.00
2015 01 10 03 20  39  0.8  2.0 99.00 99.00 99.00 999 1025.2   6.2   5.3  -5.3 99.0 99.00
2015 01 10 03 50  37  0.6  2.3 99.00 99.00 99.00 999 1025.3   6.2   5.2  -6.6 99.0 99.00
2015 01 10 04 20  44  0.9  2.8 99.00 99.00 99.00 999 1025.4   6.2   5.2  -7.6 99.0 99.00
2015 01 10 04 50  40  0.9  2.7 99.00 99.00 99.00 999 1025.4   6.1   5.2  -7.4 99.0 99.00
2015 01 10 05 20  27  1.1  2.6 99.00 99.00 99.00 999 1025.6   5.8   5.1  -6.9 99.0 99.00
2015 01 10 05 50  25  0.9  2.5 99.00 99.00 99.00 999 1025.8   5.6   5.0  -6.4 99.0 99.00
2015 01 10 06 20  44  0.7  2.5 99.00 99.00 99.00 999 1026.3   5.4 999.0  -6.6 99.0 99.00
2015 01 10 06 50  22  1.1  2.9 99.00 99.00 99.00 999 1026.9   5.4 999.0  -6.5 99.0 99.00
2015 01 10 07 20  27  1.0  3.2 99.00 99.00 99.00 999 1027.4   5.3 999.0  -6.6 99.0 99.00
2015 01 10 07 50  36  1.0  2.6 99.00 99.00 99.00 999 1027.9   4.9 999.0  -7.5 99.0 99.00
2015 01 10 08 20  35  1.3  3.7 99.00 99.00 99.00 999 1028.0   4.4 999.0  -7.5 99.0 99.00
2015 01 10 08 50  33  1.3  3.7 99.00 99.00 99.00 999 1028.1   3.8 999.0  -7.6 99.0 99.00
2015 01 10 09 20  48  1.1  3.1 99.00 99.00 99.00 999 1028.6   3.3 999.0  -7.6 99.0 99.00
2015 01 10 09 50  51  0.9  2.9 99.00 99.00 99.00 999 1028.9   2.9 999.0  -7.2 99.0 99.00
2015 01 10 10 20  53  1.0  2.5 99.00 99.00 99.00 999 1029.5   2.4 999.0  -8.2 99.0 99.00
2015 01 10 10 50  55  0.9  2.2 99.00 99.00 99.00 999 1029.9   2.1 999.0  -8.3 99.0 99.00
2015 01 10 11 20  58  0.7  2.1 99.00 99.00 99.00 999 1030.4   1.8 999.0  -8.5 99.0 99.00
2015 01 10 11 50  56  0.7  2.3 99.00 99.00 99.00 999 1030.9   1.6 999.0  -8.6 99.0 99.00
2015 01 10 12 20  57  0.9  4.2 99.00 99.00 99.00 999 1031.5   1.3 999.0  -8.8 99.0 99.00
2015 01 10 12 50  68  0.7  1.8 99.00 99.00 99.00 999 1032.3   1.3 999.0  -8.9 99.0 99.00
2015 01 10 13 20  59  1.0  3.4 99.00 99.00 99.00 999 1033.2   1.5 999.0  -9.1 99.0 99.00
2015 01 10 13 50  55  1.1  3.2 99.00 99.00 99.00 999 1033.7   2.0 999.0  -9.1 99.0 99.00
2015 01 10 14 20  53  1.3  3.1 99.00 99.00 99.00 999 1034.3   2.4 999.0 -10.7 99.0 99.00
2015 01 10 14 50  59  1.0  2.4 99.00 99.00 99.00 999 1034.7   2.9 999.0  -9.8 99.0 99.00
2015 01 10 15 20  53  1.0  2.8 99.00 99.00 99.00 999 1034.8   2.9 999.0  -9.6 99.0 99.00
2015 01 10 15 50  46  1.7  3.8 99.00 99.00 99.00 999 1034.6   3.4   5.0 -10.3 99.0 99.00
2015 01 10 16 20  44  1.9  3.7 99.00 99.00 99.00 999 1034.2   3.7   5.4 -10.6 99.0 99.00
2015 01 10 16 50  54  1.0  2.5 99.00 99.00 99.00 999 1033.9   4.1   6.1 -10.8 99.0 99.00
2015 01 10 17 20  59  1.0  2.3 99.00 99.00 99.00 999 1033.7   4.6   6.8 -10.0 99.0 99.00
2015 01 10 17 50  49  1.1  3.2 99.00 99.00 99.00 999 1033.6   4.7   7.0 -10.3 99.0 99.00
2015 01 10 18 20  64  0.9  2.5 99.00 99.00 99.00 999 1033.5   4.9   7.3 -10.9 99.0 99.00
2015 01 10 18 50  47  1.3  4.0 99.00 99.00 99.00 999 1033.4   4.8   7.6 -10.2 99.0 99.00
2015 01 10 19 20  54  1.0  2.7 99.00 99.00 99.00 999 1033.2   5.2   7.7  -9.7 99.0 99.00
2015 01 10 19 50  33  2.2  3.9 99.00 99.00 99.00 999 1033.2   4.9   7.8  -8.0 99.0 99.00
2015 01 10 20 20  37  2.2  4.1 99.00 99.00 99.00 999 1033.4   5.0   7.7  -6.6 99.0 99.00
2015 01 10 20 50  38  2.5  3.5 99.00 99.00 99.00 999 1033.7   4.9   7.5  -5.9 99.0 99.00
2015 01 10 21 20  33  2.5  3.9 99.00 99.00 99.00 999 1034.1   4.6   7.1  -5.7 99.0 99.00
2015 01 10 22 20  31  2.1  3.0 99.00 99.00 99.00 999 1034.7   3.8   5.8  -5.9 99.0 99.00
2015 01 10 22 50  43  1.5  2.2 99.00 99.00 99.00 999 1034.7   3.2 999.0  -5.4 99.0 99.00
2015 01 10 23 50  43  1.3  1.8 99.00 99.00 99.00 999 1035.8   2.8 999.0  -5.2 99.0 99.00
2015 01 11 00 20  43  1.4  1.9 99.00 99.00 99.00 999 1036.0   2.5 999.0  -4.7 99.0 99.00
2015 01 11 00 50  34  1.4  2.0 99.00 99.00 99.00 999 1036.4   2.3 999.0  -4.1 99.0 99.00
2015 01 11 01 20  36  1.4  2.3 99.00 99.00 99.00 999 1036.6   2.0 999.0  -3.9 99.0 99.00
2015 01 11 01 50  40  1.3  2.0 99.00 99.00 99.00 999 1036.7   1.6 999.0  -3.6 99.0 99.00
2015 01 11 02 20  35  1.5  2.2 99.00 99.00 99.00 999 1036.8   1.3 999.0  -3.5 99.0 99.00
2015 01 11 02 50  52  1.4  2.1 99.00 99.00 99.00 999 1036.8   1.1 999.0  -3.4 99.0 99.00
2015 01 11 03 20  38  1.8  2.6 99.00 99.00 99.00 999 1036.6   1.3 999.0  -2.8 99.0 99.00
2015 01 11 03 50  35  1.9  2.8 99.00 99.00 99.00 999 1036.5   1.4 999.0  -2.6 99.0 99.00
2015 01 11 04 20  35  2.0  2.7 99.00 99.00 99.00 999 1036.4   1.1 999.0  -3.1 99.0 99.00
2015 01 11 04 50  26  2.3  2.9 99.00 99.00 99.00 999 1036.2   1.2 999.0  -3.3 99.0 99.00
2015 01 11 05 20  32  2.0  2.9 99.00 99.00 99.00 999 1036.4   1.5 999.0  -3.2 99.0 99.00
2015 01 11 05 50  37  1.7  2.5 99.00 99.00 99.00 999 1036.7   1.6 999.0  -3.1 99.0 99.00
2015 01 11 06 20  35  1.8  2.5 99.00 99.00 99.00 999 1036.6   1.7 999.0  -3.2 99.0 99.00
2015 01 11 06 50  32  2.0  2.8 99.00 99.00 99.00 999 1036.8   1.8 999.0  -3.8 99.0 99.00
2015 01 11 07 20  44  1.3  2.8 99.00 99.00 99.00 999 1037.1   1.9 999.0  -2.8 99.0 99.00
2015 01 11 07 50  66  0.4  1.8 99.00 99.00 99.00 999 1037.0   1.2 999.0  -2.7 99.0 99.00
2015 01 11 08 20  63  0.5  1.4 99.00 99.00 99.00 999 1037.0   1.0 999.0  -2.9 99.0 99.00
2015 01 11 08 50  61  0.6  1.5 99.00 99.00 99.00 999 1037.0   1.2 999.0  -3.5 99.0 99.00
2015 01 11 09 20  51  1.3  2.3 99.00 99.00 99.00 999 1036.9   1.5 999.0  -3.9 99.0 99.00
2015 01 11 09 50  48  1.3  2.9 99.00 99.00 99.00 999 1037.1   1.6 999.0  -5.3 99.0 99.00
2015 01 11 10 20  44  1.7  2.6 99.00 99.00 99.00 999 1037.3   1.3 999.0  -4.7 99.0 99.00
2015 01 11 10 50  29  2.6  3.6 99.00 99.00 99.00 999 1037.2   1.3 999.0  -3.3 99.0 99.00
2015 01 11 11 20  27  2.4  3.1 99.00 99.00 99.00 999 1037.3   1.1 999.0  -3.0 99.0 99.00
2015 01 11 11 50  26  2.4  3.3 99.00 99.00 99.00 999 1037.4   1.1 999.0  -3.0 99.0 99.00
2015 01 11 12 20  25  2.5  3.3 99.00 99.00 99.00 999 1037.7   1.5 999.0  -2.5 99.0 99.00
2015 01 11 12 50  31  2.2  3.8 99.00 99.00 99.00 999 1037.9   1.8 999.0  -2.5 99.0 99.00
2015 01 11 13 20  25  2.9  3.9 99.00 99.00 99.00 999 1038.0   2.4 999.0  -2.2 99.0 99.00
2015 01 11 13 50  31  1.8  2.8 99.00 99.00 99.00 999 1038.2   3.3 999.0  -1.4 99.0 99.00
2015 01 11 14 20  42  1.9  2.8 99.00 99.00 99.00 999 1038.2   4.6 999.0  -0.7 99.0 99.00
2015 01 11 14 50  61  1.7  2.6 99.00 99.00 99.00 999 1038.2   6.0   5.4  -0.2 99.0 99.00
2015 01 11 15 20  44  1.8  2.6 99.00 99.00 99.00 999 1037.9   6.7   6.5   0.4 99.0 99.00
2015 01 11 15 50  36  2.0  3.1 99.00 99.00 99.00 999 1037.5   7.6   7.4   0.8 99.0 99.00
2015 01 11 16 20  33  1.9  2.8 99.00 99.00 99.00 999 1036.8   8.6   8.8   0.8 99.0 99.00
2015 01 11 16 50  34  1.7  3.0 99.00 99.00 99.00 999 1036.1   9.6  10.0   1.7 99.0 99.00
2015 01 11 17 20  34  2.1  2.9 99.00 99.00 99.00 999 1035.1  10.2  10.9   2.2 99.0 99.00
2015 01 11 17 50  26  2.4  3.2 99.00 99.00 99.00 999 1034.5  10.6  11.8   2.9 99.0 99.00
2015 01 11 18 20  41  1.8  2.6 99.00 99.00 99.00 999 1034.1  11.4  12.6   4.2 99.0 99.00
2015 01 11 18 50  38  1.7  2.6 99.00 99.00 99.00 999 1033.9  11.8  13.2   5.0 99.0 99.00
2015 01 11 19 20  31  2.0  3.1 99.00 99.00 99.00 999 1033.8  11.8  13.6   5.7 99.0 99.00
2015 01 11 19 50  41  1.8  2.5 99.00 99.00 99.00 999 1033.7  12.1  14.0   6.1 99.0 99.00
2015 01 11 20 20  34  1.6  2.6 99.00 99.00 99.00 999 1033.8  11.7  14.0   6.1 99.0 99.00
2015 01 11 20 50  29  1.9  2.8 99.00 99.00 99.00 999 1033.8  11.4  13.7   5.7 99.0 99.00
2015 01 11 21 20  36  1.7  2.4 99.00 99.00 99.00 999 1034.0  11.0  13.0   5.8 99.0 99.00
2015 01 11 21 50  48  1.1  1.6 99.00 99.00 99.00 999 1034.3  10.5  12.3   6.0 99.0 99.00
2015 01 11 22 20  35  1.6  2.4 99.00 99.00 99.00 999 1034.3   9.7  11.4   5.6 99.0 99.00
2015 01 11 22 50  30  1.7  2.3 99.00 99.00 99.00 999 1034.3   9.1  10.5   5.1 99.0 99.00
2015 01 11 23 20  38  1.5  2.0 99.00 99.00 99.00 999 1034.2   8.8   9.9   5.3 99.0 99.00
2015 01 11 23 50  33  2.0  2.6 99.00 99.00 99.00 999 1034.1   8.5   9.4   4.7 99.0 99.00
2015 01 12 00 20  41  0.8  1.4 99.00 99.00 99.00 999 1034.3   8.4   9.1   5.1 99.0 99.00
2015 01 12 00 50  38  1.2  1.8 99.00 99.00 99.00 999 1034.6   8.4   8.9   5.3 99.0 99.00
2015 01 12 01 20  34  1.1  1.6 99.00 99.00 99.00 999 1034.7   8.1   8.7   5.4 99.0 99.00
2015 01 12 01 50  44  1.1  1.3 99.00 99.00 99.00 999 1034.2   8.0   8.6   5.8 99.0 99.00
2015 01 12 02 20  39  1.0  1.4 99.00 99.00 99.00 999 1034.1   8.0   8.6   5.8 99.0 99.00
2015 01 12 02 50  40  1.0  1.6 99.00 99.00 99.00 999 1033.7   8.1   8.6   6.1 99.0 99.00
2015 01 12 03 20  44  0.9  1.7 99.00 99.00 99.00 999 1033.4   8.3   8.6   6.3 99.0 99.00
2015 01 12 03 50  62  0.3  1.2 99.00 99.00 99.00 999 1033.2   8.4   8.6   6.3 99.0 99.00
2015 01 12 04 20  60  0.3  1.1 99.00 99.00 99.00 999 1032.8   8.6   8.7   6.5 99.0 99.00
2015 01 12 04 50  47  0.6  1.5 99.00 99.00 99.00 999 1032.3   8.9   8.9   6.6 99.0 99.00
2015 01 12 05 20  48  0.9  1.1 99.00 99.00 99.00 999 1032.0   9.2   9.0   7.0 99.0 99.00
2015 01 12 05 50  44  0.2  0.8 99.00 99.00 99.00 999 1031.1   9.7   9.2   7.6 99.0 99.00
2015 01 12 06 20  34  0.8  1.3 99.00 99.00 99.00 999 1030.6  10.2   9.4   7.9 99.0 99.00
2015 01 12 06 50  34  0.6  1.2 99.00 99.00 99.00 999 1030.3  10.2   9.6   8.2 99.0 99.00
2015 01 12 07 20  36  0.9  1.3 99.00 99.00 99.00 999 1030.0   9.7   9.6   8.0 99.0 99.00
2015 01 12 07 50  67  0.5  0.7 99.00 99.00 99.00 999 1029.3   9.9   9.6   8.4 99.0 99.00
2015 01 12 08 20  64  0.6  0.9 99.00 99.00 99.00 999 1028.8  10.9  10.0   9.5 99.0 99.00
2015 01 12 08 50  82  0.1  0.6 99.00 99.00 99.00 999 1028.5  10.6  10.1   9.3 99.0 99.00
2015 01 12 09 20  88  0.7  1.1 99.00 99.00 99.00 999 1027.9  11.5  10.2  10.5 99.0 99.00
2015 01 12 09 50  87  0.7  1.0 99.00 99.00 99.00 999 1027.6  11.8  10.7  10.9 99.0 99.00
2015 01 12 10 20  98  0.7  1.1 99.00 99.00 99.00 999 1027.7  12.2  11.1  11.5 99.0 99.00
2015 01 12 10 50 132  2.2  3.9 99.00 99.00 99.00 999 1027.0  15.0  12.3  14.1 99.0 99.00
2015 01 12 11 20 134  2.1  3.6 99.00 99.00 99.00 999 1026.8  15.4  13.8  14.2 99.0 99.00
2015 01 12 11 50 129  1.8  3.0 99.00 99.00 99.00 999 1026.6  15.0  14.0  14.2 99.0 99.00
2015 01 12 12 20 135  2.1  3.9 99.00 99.00 99.00 999 1026.4  15.1  14.4  14.7 99.0 99.00
2015 01 12 12 50 134  2.0  3.7 99.00 99.00 99.00 999 1026.1  15.5  14.5  15.5 99.0 99.00
2015 01 12 13 20 156  2.2  3.9 99.00 99.00 99.00 999 1026.2  15.4  14.8  15.4 99.0 99.00
2015 01 12 13 50 158  2.1  3.9 99.00 99.00 99.00 999 1026.3  16.0  15.2  16.0 99.0 99.00
2015 01 12 14 20 159  2.4  4.7 99.00 99.00 99.00 999 1026.5  16.1  15.5  16.1 99.0 99.00
2015 01 12 14 50 167  2.6  4.3 99.00 99.00 99.00 999 1026.3  15.9  15.5  15.9 99.0 99.00
2015 01 12 15 20 181  1.9  3.4 99.00 99.00 99.00 999 1026.0  15.6  15.7  15.6 99.0 99.00
2015 01 12 15 50 173  3.1  4.7 99.00 99.00 99.00 999 1025.3  15.5  15.6  15.4 99.0 99.00
2015 01 12 16 20 173  2.5  4.1 99.00 99.00 99.00 999 1024.7  15.6  15.6  15.1 99.0 99.00
2015 01 12 16 50 183  2.4  3.5 99.00 99.00 99.00 999 1024.4  15.2  15.4  15.0 99.0 99.00
2015 01 12 17 20 181  1.7  2.7 99.00 99.00 99.00 999 1023.5  15.4  15.4  15.2 99.0 99.00
2015 01 12 17 50 181  2.1  3.5 99.00 99.00 99.00 999 1022.9  15.7  15.5  15.5 99.0 99.00
2015 01 12 18 20 174  2.4  4.0 99.00 99.00 99.00 999 1022.3  16.3  16.0  16.0 99.0 99.00
2015 01 12 18 50 186  1.4  2.1 99.00 99.00 99.00 999 1022.1  15.8  16.0  15.7 99.0 99.00
2015 01 12 19 20 181  2.0  2.9 99.00 99.00 99.00 999 1021.9  15.7  15.9  15.6 99.0 99.00
2015 01 12 19 50 175  2.3  4.7 99.00 99.00 99.00 999 1021.4  15.8  15.8  15.8 99.0 99.00
2015 01 12 20 20 240  2.0  2.9 99.00 99.00 99.00 999 1022.2  15.3  15.7  15.3 99.0 99.00
2015 01 12 20 50 267  2.6  3.9 99.00 99.00 99.00 999 1022.1  15.7  15.8  15.7 99.0 99.00
