#YY  MM DD hh mm WDIR WSPD GST  WVHT   DPD   APD MWD   PRES  ATMP  WTMP  DEWP  VIS  TIDE
#yr  mo dy hr mn degT m/s  m/s     m   sec   sec deg    hPa  degC  degC  degC  nmi    ft
2008 12 17 21 20 999 99.0 99.0  1.78  8.00 99.00  39 9999.0 999.0  26.8 999.0 99.0 99.00
2008 12 17 22 20 999 99.0 99.0  1.76  7.70 99.00  41 9999.0 999.0  26.8 999.0 99.0 99.00
2008 12 17 23 20 999 99.0 99.0  1.83  8.00 99.00  39 9999.0 999.0  26.8 999.0 99.0 99.00
2008 12 18 00 20 999 99.0 99.0  1.73  8.30 99.00  45 9999.0 999.0  26.7 999.0 99.0 99.00
2008 12 18 01 20 999 99.0 99.0  1.86  8.00 99.00  38 9999.0 999.0  26.7 999.0 99.0 99.00
2008 12 18 02 20 999 99.0 99.0  1.80  8.30 99.00  41 9999.0 999.0  26.6 999.0 99.0 99.00
2008 12 18 03 20 999 99.0 99.0  2.03  7.70 99.00  42 9999.0 999.0  26.6 999.0 99.0 99.00
2008 12 18 04 20 999 99.0 99.0  1.73  7.70 99.00  41 9999.0 999.0  26.6 999.0 99.0 99.00
2008 12 18 06 20 999 99.0 99.0  1.85  8.30 99.00  38 9999.0 999.0  26.5 999.0 99.0 99.00
2008 12 18 07 20 999 99.0 99.0  1.58  9.10 99.00  42 9999.0 999.0  26.5 999.0 99.0 99.00
2008 12 18 08 20 999 99.0 99.0  1.61  8.30 99.00  36 9999.0 999.0  26.5 999.0 99.0 99.00
2008 12 18 09 20 999 99.0 99.0  1.54  7.40 99.00  40 9999.0 999.0  26.5 999.0 99.0 99.00
2008 12 18 11 20 999 99.0 99.0  1.54  8.70 99.00  38 9999.0 999.0  26.5 999.0 99.0 99.00
2008 12 18 12 20 999 99.0 99.0  1.40 11.10 99.00  40 9999.0 999.0  26.4 999.0 99.0 99.00
2008 12 18 13 20 999 99.0 99.0  1.49  8.00 99.00  38 9999.0 999.0  26.4 999.0 99.0 99.00
2008 12 18 14 20 999 99.0 99.0  1.53  8.00 99.00  38 9999.0 999.0  26.5 999.0 99.0 99.00
2008 12 18 15 20 999 99.0 99.0  1.50  7.70 99.00  34 9999.0 999.0  26.5 999.0 99.0 99.00
2008 12 18 16 20 999 99.0 99.0  1.54  7.40 99.00  32 9999.0 999.0  26.6 999.0 99.0 99.00
2008 12 18 17 20 999 99.0 99.0  1.54  8.70 99.00  36 9999.0 999.0  26.6 999.0 99.0 99.00
2008 12 18 18 20 999 99.0 99.0  1.65  7.40 99.00  34 9999.0 999.0  26.7 999.0 99.0 99.00
2008 12 18 19 20 999 99.0 99.0  1.53  7.70 99.00  35 9999.0 999.0  26.7 999.0 99.0 99.00
2008 12 18 21 20 999 99.0 99.0  1.51  7.70 99.00  30 9999.0 999.0  26.7 999.0 99.0 99.00
2008 12 18 23 20 999 99.0 99.0  1.81 10.00 99.00  24 9999.0 999.0  26.6 999.0 99.0 99.00
2008 12 19 01 20 999 99.0 99.0  2.01  9.50 99.00  30 9999.0 999.0  26.5 999.0 99.0 99.00
2008 12 19 02 20 999 99.0 99.0  2.54  9.50 99.00  27 9999.0 999.0  26.4 999.0 99.0 99.00
2008 12 19 03 20 999 99.0 99.0  2.36  9.10 99.00  30 9999.0 999.0  26.4 999.0 99.0 99.00
2008 12 19 04 20 999 99.0 99.0  2.28  9.10 99.00  28 9999.0 999.0  26.3 999.0 99.0 99.00
2008 12 19 07 20 999 99.0 99.0  2.38  8.30 99.00  26 9999.0 999.0  26.1 999.0 99.0 99.00
2008 12 19 08 20 999 99.0 99.0  2.16  9.10 99.00  32 9999.0 999.0  26.1 999.0 99.0 99.00
2008 12 19 09 20 999 99.0 99.0  2.06  9.10 99.00  34 9999.0 999.0  26.1 999.0 99.0 99.00
2008 12 19 10 20 999 99.0 99.0  2.09  8.30 99.00  31 9999.0 999.0  26.1 999.0 99.0 99.00
2008 12 19 11 20 999 99.0 99.0  2.12  8.70 99.00  34 9999.0 999.0  26.0 999.0 99.0 99.00
2008 12 19 12 20 999 99.0 99.0  1.88  8.00 99.00  37 9999.0 999.0  26.0 999.0 99.0 99.00
2008 12 19 13 20 999 99.0 99.0  1.86  8.00 99.00  34 9999.0 999.0  26.1 999.0 99.0 99.00
2008 12 19 14 20 999 99.0 99.0  1.90  7.70 99.00  36 9999.0 999.0  26.1 999.0 99.0 99.00
2008 12 19 15 20 999 99.0 99.0  1.78  7.70 99.00  37 9999.0 999.0  26.1 999.0 99.0 99.00
2008 12 19 16 20 999 99.0 99.0  1.86  8.00 99.00  39 9999.0 999.0  26.2 999.0 99.0 99.00
2008 12 19 17 20 999 99.0 99.0  1.79  7.70 99.00  38 9999.0 999.0  26.3 999.0 99.0 99.00
2008 12 19 18 20 999 99.0 99.0  1.82  7.70 99.00  38 9999.0 999.0  26.3 999.0 99.0 99.00
2008 12 19 19 20 999 99.0 99.0  1.65  6.90 99.00  42 9999.0 999.0  26.4 999.0 99.0 99.00
2008 12 19 20 20 999 99.0 99.0  1.54  7.70 99.00  40 9999.0 999.0  26.4 999.0 99.0 99.00
2008 12 20 00 20 999 99.0 99.0  1.33  7.40 99.00  43 9999.0 999.0  26.4 999.0 99.0 99.00
2008 12 20 01 20 999 99.0 99.0  1.33 10.50 99.00  42 9999.0 999.0  26.2 999.0 99.0 99.00
2008 12 20 02 20 999 99.0 99.0  1.37 11.10 99.00  39 9999.0 999.0  26.1 999.0 99.0 99.00
2008 12 20 03 20 999 99.0 99.0  1.29 10.00 99.00  42 9999.0 999.0  26.1 999.0 99.0 99.00
2008 12 20 04 20 999 99.0 99.0  1.38 11.10 99.00  41 9999.0 999.0  26.0 999.0 99.0 99.00
2008 12 20 06 20 999 99.0 99.0  1.51 11.10 99.00  38 9999.0 999.0  25.8 999.0 99.0 99.00
2008 12 20 07 20 999 99.0 99.0  1.36  7.10 99.00  37 9999.0 999.0  25.8 999.0 99.0 99.00
2008 12 20 08 20 999 99.0 99.0  1.44  7.70 99.00  34 9999.0 999.0  25.7 999.0 99.0 99.00
2008 12 20 09 20 999 99.0 99.0  1.33  6.70 99.00  38 9999.0 999.0  25.6 999.0 99.0 99.00
2008 12 20 10 20 999 99.0 99.0  1.28  7.40 99.00  37 9999.0 999.0  25.6 999.0 99.0 99.00
2008 12 20 11 20 999 99.0 99.0  1.35  7.40 99.00  29 9999.0 999.0  25.7 999.0 99.0 99.00
2008 12 20 13 20 999 99.0 99.0  1.21  6.90 99.00  32 9999.0 999.0  25.8 999.0 99.0 99.00
2008 12 20 14 20 999 99.0 99.0  1.13  7.40 99.00  35 9999.0 999.0  25.9 999.0 99.0 99.00
2008 12 20 15 20 999 99.0 99.0  0.99  6.90 99.00  43 9999.0 999.0  26.0 999.0 99.0 99.00
2008 12 20 16 20 999 99.0 99.0  0.97  6.90 99.00  39 9999.0 999.0  26.1 999.0 99.0 99.00
2008 12 20 17 20 999 99.0 99.0  1.02  6.70 99.00  30 9999.0 999.0  26.1 999.0 99.0 99.00
2008 12 20 18 20 999 99.0 99.0  0.96  6.30 99.00  33 9999.0 999.0  26.2 999.0 99.0 99.00
2008 12 20 19 20 999 99.0 99.0  0.97  6.90 99.00  33 9999.0 999.0  26.3 999.0 99.0 99.00
2008 12 22 12 20 999 99.0 99.0  1.31  7.10 99.00  32 9999.0 999.0  25.5 999.0 99.0 99.00
2008 12 22 13 20 999 99.0 99.0  1.27  6.90 99.00  33 9999.0 999.0  25.5 999.0 99.0 99.00
2008 12 22 14 20 999 99.0 99.0  1.16  6.90 99.00  34 9999.0 999.0  25.6 999.0 99.0 99.00
2008 12 22 15 20 999 99.0 99.0  1.15  6.90 99.00  30 9999.0 999.0  25.6 999.0 99.0 99.00
2008 12 22 16 20 999 99.0 99.0  1.03  6.90 99.00  40 9999.0 999.0  25.8 999.0 99.0 99.00
2008 12 22 19 20 999 99.0 99.0  1.10  6.90 99.00  40 9999.0 999.0  25.9 999.0 99.0 99.00
2008 12 22 21 20 999 99.0 99.0 99.00 99.00 99.00  62 9999.0 999.0  26.2 999.0 99.0 99.00
2008 12 22 22 20 999 99.0 99.0  1.13  6.50 99.00  56 9999.0 999.0  26.2 999.0 99.0 99.00
2008 12 23 00 20 999 99.0 99.0  1.22  6.90 99.00  59 9999.0 999.0  26.2 999.0 99.0 99.00
2008 12 23 01 20 999 99.0 99.0 99.00 99.00 99.00  61 9999.0 999.0  26.2 999.0 99.0 99.00
2008 12 23 02 20 999 99.0 99.0  1.08  6.10 99.00  57 9999.0 999.0  26.2 999.0 99.0 99.00
2008 12 23 03 20 999 99.0 99.0  1.03  6.70 99.00  50 9999.0 999.0  26.1 999.0 99.0 99.00
2008 12 23 04 20 999 99.0 99.0 99.00 99.00 99.00  63 9999.0 999.0  26.2 999.0 99.0 99.00
2008 12 23 06 20 999 99.0 99.0  1.08  7.40 99.00  58 9999.0 999.0  26.3 999.0 99.0 99.00
2008 12 23 07 20 999 99.0 99.0  1.23  7.10 99.00  55 9999.0 999.0  26.2 999.0 99.0 99.00
2008 12 23 08 20 999 99.0 99.0  1.18  6.70 99.00  51 9999.0 999.0  26.1 999.0 99.0 99.00
2008 12 23 09 20 999 99.0 99.0  1.23  6.90 99.00  49 9999.0 999.0  26.0 999.0 99.0 99.00
2008 12 23 10 20 999 99.0 99.0  1.38  6.70 99.00  52 9999.0 999.0  25.9 999.0 99.0 99.00
2008 12 23 11 20 999 99.0 99.0  1.35  6.30 99.00  58 9999.0 999.0  25.9 999.0 99.0 99.00
2008 12 23 12 20 999 99.0 99.0  1.56  7.40 99.00  55 9999.0 999.0  25.9 999.0 99.0 99.00
2008 12 23 13 20 999 99.0 99.0  1.72  5.90 99.00  62 9999.0 999.0  25.9 999.0 99.0 99.00
2008 12 23 14 20 999 99.0 99.0  1.94  6.50 99.00  60 9999.0 999.0  25.8 999.0 99.0 99.00
2008 12 23 15 20 999 99.0 99.0  1.91  6.90 99.00  63 9999.0 999.0  25.9 999.0 99.0 99.00
2008 12 23 16 20 999 99.0 99.0  1.75  6.90 99.00  61 9999.0 999.0  25.9 999.0 99.0 99.00
2008 12 23 17 20 999 99.0 99.0  1.52  6.90 99.00  63 9999.0 999.0  26.1 999.0 99.0 99.00
2008 12 23 18 20 999 99.0 99.0  1.36  7.10 99.00  57 9999.0 999.0  26.1 999.0 99.0 99.00
2008 12 23 19 20 999 99.0 99.0  1.40  6.70 99.00  52 9999.0 999.0  26.1 999.0 99.0 99.00
2008 12 23 20 20 999 99.0 99.0  1.59  7.70 99.00  51 9999.0 999.0  26.1 999.0 99.0 99.00
2008 12 23 21 20 999 99.0 99.0  1.84  7.40 99.00  51 9999.0 999.0  26.1 999.0 99.0 99.00
2008 12 23 22 20 999 99.0 99.0  1.88  7.40 99.00  58 9999.0 999.0  26.1 999.0 99.0 99.00
2008 12 23 23 20 999 99.0 99.0  2.03  7.10 99.00  55 9999.0 999.0  26.0 999.0 99.0 99.00
2008 12 24 00 20 999 99.0 99.0  1.93  8.30 99.00  53 9999.0 999.0  26.0 999.0 99.0 99.00
2008 12 24 01 20 999 99.0 99.0  2.02  7.70 99.00  60 9999.0 999.0  26.0 999.0 99.0 99.00
2008 12 24 02 20 999 99.0 99.0  1.90  8.00 99.00  54 9999.0 999.0  26.0 999.0 99.0 99.00
2008 12 24 03 20 999 99.0 99.0  1.93  7.70 99.00  54 9999.0 999.0  26.0 999.0 99.0 99.00
2008 12 24 04 20 999 99.0 99.0  1.86  8.00 99.00  50 9999.0 999.0  26.0 999.0 99.0 99.00
2008 12 24 06 20 999 99.0 99.0  1.78  7.40 99.00  52 9999.0 999.0  25.9 999.0 99.0 99.00
2008 12 24 07 20 999 99.0 99.0  1.75  7.10 99.00  54 9999.0 999.0  25.9 999.0 99.0 99.00
2008 12 24 08 20 999 99.0 99.0  1.86  8.00 99.00  53 9999.0 999.0  26.0 999.0 99.0 99.00
2008 12 24 09 20 999 99.0 99.0  1.79  6.90 99.00  51 9999.0 999.0  26.1 999.0 99.0 99.00
2008 12 24 10 20 999 99.0 99.0  2.05  7.70 99.00  51 9999.0 999.0  26.0 999.0 99.0 99.00
2008 12 24 11 20 999 99.0 99.0  2.11  8.00 99.00  51 9999.0 999.0  26.1 999.0 99.0 99.00
2008 12 24 12 20 999 99.0 99.0  2.24  8.30 99.00  45 9999.0 999.0  26.0 999.0 99.0 99.00
2008 12 24 13 20 999 99.0 99.0  2.27  7.70 99.00  44 9999.0 999.0  26.0 999.0 99.0 99.00
2008 12 24 14 20 999 99.0 99.0  2.38  8.70 99.00  47 9999.0 999.0  26.0 999.0 99.0 99.00
2008 12 24 15 20 999 99.0 99.0  2.43  9.10 99.00  48 9999.0 999.0  26.0 999.0 99.0 99.00
2008 12 24 18 20 999 99.0 99.0  2.71  9.50 99.00  50 9999.0 999.0  26.0 999.0 99.0 99.00
2008 12 24 20 20 999 99.0 99.0  2.92  9.10 99.00  58 9999.0 999.0  26.3 999.0 99.0 99.00
2008 12 24 21 20 999 99.0 99.0  2.52  9.50 99.00  54 9999.0 999.0  26.3 999.0 99.0 99.00
2008 12 24 22 20 999 99.0 99.0  2.66  9.50 99.00  54 9999.0 999.0  26.3 999.0 99.0 99.00
2008 12 24 23 20 999 99.0 99.0  2.51  9.50 99.00  54 9999.0 999.0  26.2 999.0 99.0 99.00
2008 12 25 02 20 999 99.0 99.0  2.41  9.50 99.00  52 9999.0 999.0  26.2 999.0 99.0 99.00
2008 12 25 03 20 999 99.0 99.0  2.38  8.70 99.00  52 9999.0 999.0  26.1 999.0 99.0 99.00
2008 12 25 04 20 999 99.0 99.0  2.35  9.50 99.00  55 9999.0 999.0  26.1 999.0 99.0 99.00
2008 12 25 06 20 999 99.0 99.0  2.41  8.70 99.00  49 9999.0 999.0  26.0 999.0 99.0 99.00
2008 12 25 07 20 999 99.0 99.0  2.35  9.50 99.00  54 9999.0 999.0  26.0 999.0 99.0 99.00
2008 12 25 08 20 999 99.0 99.0  2.25  8.70 99.00  51 9999.0 999.0  26.0 999.0 99.0 99.00
2008 12 25 09 20 999 99.0 99.0  2.12  9.10 99.00  54 9999.0 999.0  25.9 999.0 99.0 99.00
2008 12 25 10 20 999 99.0 99.0  2.48  9.10 99.00  55 9999.0 999.0  25.9 999.0 99.0 99.00
2008 12 25 11 20 999 99.0 99.0  2.28  8.70 99.00  55 9999.0 999.0  25.9 999.0 99.0 99.00
2008 12 25 12 20 999 99.0 99.0  2.18  7.70 99.00  55 9999.0 999.0  25.9 999.0 99.0 99.00
2008 12 25 13 20 999 99.0 99.0  2.42  8.70 99.00  54 9999.0 999.0  25.9 999.0 99.0 99.00
2008 12 25 14 20 999 99.0 99.0  2.48  8.00 99.00  55 9999.0 999.0  25.9 999.0 99.0 99.00
2008 12 25 15 20 999 99.0 99.0  2.66  8.70 99.00  57 9999.0 999.0  25.9 999.0 99.0 99.00
2008 12 25 16 20 999 99.0 99.0  2.44  9.50 99.00  61 9999.0 999.0  25.9 999.0 99.0 99.00
2008 12 25 17 20 999 99.0 99.0  2.72  9.50 99.00  64 9999.0 999.0  26.0 999.0 99.0 99.00
2008 12 25 18 20 999 99.0 99.0  2.28  9.50 99.00  59 9999.0 999.0  26.1 999.0 99.0 99.00
2008 12 25 19 20 999 99.0 99.0  2.44  9.50 99.00  60 9999.0 999.0  26.1 999.0 99.0 99.00
2008 12 25 21 20 999 99.0 99.0  2.46  8.70 99.00  57 9999.0 999.0  26.1 999.0 99.0 99.00
2008 12 25 22 20 999 99.0 99.0  2.32  9.50 99.00  57 9999.0 999.0  26.1 999.0 99.0 99.00
2008 12 25 23 20 999 99.0 99.0  2.34  9.50 99.00  56 9999.0 999.0  26.1 999.0 99.0 99.00
2008 12 26 00 20 999 99.0 99.0  2.31  9.50 99.00  57 9999.0 999.0  26.1 999.0 99.0 99.00
2008 12 26 01 20 999 99.0 99.0  2.52  9.10 99.00  56 9999.0 999.0  26.0 999.0 99.0 99.00
2008 12 26 02 20 999 99.0 99.0  2.37  8.70 99.00  55 9999.0 999.0  26.1 999.0 99.0 99.00
2008 12 26 03 20 999 99.0 99.0  2.38  9.10 99.00  57 9999.0 999.0  26.0 999.0 99.0 99.00
2008 12 26 06 20 999 99.0 99.0  2.29  9.10 99.00  54 9999.0 999.0  26.1 999.0 99.0 99.00
2008 12 26 07 20 999 99.0 99.0  2.21  9.10 99.00  57 9999.0 999.0  26.1 999.0 99.0 99.00
2008 12 26 08 20 999 99.0 99.0  2.10  8.70 99.00  53 9999.0 999.0  26.1 999.0 99.0 99.00
2008 12 26 09 20 999 99.0 99.0  1.98  9.10 99.00  53 9999.0 999.0  26.0 999.0 99.0 99.00
2008 12 26 10 20 999 99.0 99.0  1.96  8.70 99.00  55 9999.0 999.0  26.0 999.0 99.0 99.00
2008 12 26 11 20 999 99.0 99.0  1.95  9.50 99.00  54 9999.0 999.0  26.0 999.0 99.0 99.00
2008 12 26 12 20 999 99.0 99.0  1.97  8.70 99.00  54 9999.0 999.0  25.9 999.0 99.0 99.00
2008 12 26 13 20 999 99.0 99.0  1.96  8.70 99.00  48 9999.0 999.0  25.9 999.0 99.0 99.00
2008 12 26 14 20 999 99.0 99.0  2.09  9.50 99.00  49 9999.0 999.0  25.9 999.0 99.0 99.00
2008 12 26 16 20 999 99.0 99.0  2.03  9.10 99.00  53 9999.0 999.0  25.9 999.0 99.0 99.00
2008 12 26 17 20 999 99.0 99.0  2.09  9.10 99.00  56 9999.0 999.0  26.0 999.0 99.0 99.00
2008 12 26 18 20 999 99.0 99.0  2.01  9.10 99.00  61 9999.0 999.0  26.0 999.0 99.0 99.00
2008 12 26 19 20 999 99.0 99.0  1.90  8.30 99.00  55 9999.0 999.0  26.0 999.0 99.0 99.00
2008 12 26 21 20 999 99.0 99.0  1.98  9.10 99.00  57 9999.0 999.0  26.0 999.0 99.0 99.00
2008 12 26 22 20 999 99.0 99.0  2.02  8.70 99.00  57 9999.0 999.0  25.9 999.0 99.0 99.00
2008 12 26 23 20 999 99.0 99.0  1.99  7.40 99.00  52 9999.0 999.0  25.9 999.0 99.0 99.00
2008 12 27 00 20 999 99.0 99.0  1.74  7.70 99.00  56 9999.0 999.0  25.8 999.0 99.0 99.00
2008 12 27 01 20 999 99.0 99.0  2.01  7.70 99.00  56 9999.0 999.0  25.8 999.0 99.0 99.00
2008 12 27 02 20 999 99.0 99.0  1.97  9.10 99.00  50 9999.0 999.0  25.7 999.0 99.0 99.00
2008 12 27 03 20 999 99.0 99.0  2.03  6.70 99.00  52 9999.0 999.0  25.7 999.0 99.0 99.00
2008 12 27 04 20 999 99.0 99.0  2.03  8.70 99.00  48 9999.0 999.0  25.6 999.0 99.0 99.00
2008 12 27 07 20 999 99.0 99.0  2.04  8.70 99.00  50 9999.0 999.0  25.6 999.0 99.0 99.00
2008 12 27 09 20 999 99.0 99.0  2.02  6.70 99.00  49 9999.0 999.0  25.6 999.0 99.0 99.00
2008 12 27 11 20 999 99.0 99.0  1.85  9.10 99.00  50 9999.0 999.0  25.5 999.0 99.0 99.00
2008 12 27 12 20 999 99.0 99.0  1.95  7.40 99.00  46 9999.0 999.0  25.6 999.0 99.0 99.00
2008 12 27 13 20 999 99.0 99.0  1.97  9.10 99.00  47 9999.0 999.0  25.6 999.0 99.0 99.00
2008 12 27 14 20 999 99.0 99.0  2.10  8.30 99.00  51 9999.0 999.0  25.6 999.0 99.0 99.00
2008 12 27 15 20 999 99.0 99.0  2.00  8.00 99.00  51 9999.0 999.0  25.7 999.0 99.0 99.00
2008 12 27 18 20 999 99.0 99.0  2.38  9.10 99.00  50 9999.0 999.0  25.8 999.0 99.0 99.00
2008 12 27 20 20 999 99.0 99.0  2.17  8.00 99.00  54 9999.0 999.0  25.8 999.0 99.0 99.00
2008 12 27 22 20 999 99.0 99.0  2.04  8.00 99.00  51 9999.0 999.0  25.8 999.0 99.0 99.00
2008 12 27 23 20 999 99.0 99.0  2.12  8.30 99.00  57 9999.0 999.0  25.7 999.0 99.0 99.00
2008 12 28 00 20 999 99.0 99.0  2.30  8.30 99.00  54 9999.0 999.0  25.7 999.0 99.0 99.00
2008 12 28 01 20 999 99.0 99.0  2.57  8.30 99.00  53 9999.0 999.0  25.6 999.0 99.0 99.00
2008 12 28 02 20 999 99.0 99.0  2.31  8.30 99.00  49 9999.0 999.0  25.6 999.0 99.0 99.00
2008 12 28 04 20 999 99.0 99.0  2.26  8.30 99.00  50 9999.0 999.0  25.6 999.0 99.0 99.00
2008 12 28 06 20 999 99.0 99.0  2.30  8.70 99.00  56 9999.0 999.0  25.4 999.0 99.0 99.00
2008 12 28 07 20 999 99.0 99.0  2.23  9.10 99.00  53 9999.0 999.0  25.5 999.0 99.0 99.00
2008 12 28 08 20 999 99.0 99.0  2.27  8.70 99.00  54 9999.0 999.0  25.4 999.0 99.0 99.00
2008 12 28 09 20 999 99.0 99.0  2.38  8.70 99.00  55 9999.0 999.0  25.4 999.0 99.0 99.00
2008 12 28 10 20 999 99.0 99.0  2.27  8.70 99.00  55 9999.0 999.0  25.3 999.0 99.0 99.00
2008 12 28 11 20 999 99.0 99.0  2.16  8.30 99.00  53 9999.0 999.0  25.3 999.0 99.0 99.00
2008 12 28 12 20 999 99.0 99.0  2.17  8.70 99.00  55 9999.0 999.0  25.2 999.0 99.0 99.00
2008 12 28 13 20 999 99.0 99.0  1.87  8.70 99.00  57 9999.0 999.0  25.2 999.0 99.0 99.00
2008 12 28 17 20 999 99.0 99.0  1.95  7.40 99.00  57 9999.0 999.0  25.2 999.0 99.0 99.00
2008 12 28 18 20 999 99.0 99.0  1.89  8.70 99.00  62 9999.0 999.0  25.4 999.0 99.0 99.00
2008 12 28 19 20 999 99.0 99.0  2.01  7.40 99.00  60 9999.0 999.0  25.4 999.0 99.0 99.00
2008 12 28 20 20 999 99.0 99.0  2.20  8.70 99.00  58 9999.0 999.0  25.4 999.0 99.0 99.00
2008 12 28 21 20 999 99.0 99.0  1.90  8.70 99.00  59 9999.0 999.0  25.4 999.0 99.0 99.00
2008 12 28 23 20 999 99.0 99.0  1.93  8.30 99.00  60 9999.0 999.0  25.4 999.0 99.0 99.00
2008 12 29 00 20 999 99.0 99.0  2.13  9.10 99.00  56 9999.0 999.0  25.1 999.0 99.0 99.00
2008 12 29 02 20 999 99.0 99.0  2.12 10.00 99.00  55 9999.0 999.0  25.0 999.0 99.0 99.00
2008 12 29 03 20 999 99.0 99.0  2.57 10.00 99.00  50 9999.0 999.0  24.9 999.0 99.0 99.00
2008 12 29 06 20 999 99.0 99.0  3.04  9.10 99.00  45 9999.0 999.0  24.7 999.0 99.0 99.00
2008 12 29 07 20 999 99.0 99.0  2.35  9.50 99.00  53 9999.0 999.0  24.7 999.0 99.0 99.00
2008 12 29 08 20 999 99.0 99.0  1.98  9.10 99.00  56 9999.0 999.0  24.7 999.0 99.0 99.00
2008 12 29 09 20 999 99.0 99.0  2.18  9.50 99.00  50 9999.0 999.0  24.7 999.0 99.0 99.00
2008 12 29 10 20 999 99.0 99.0  2.08  9.10 99.00  53 9999.0 999.0  24.7 999.0 99.0 99.00
2008 12 29 12 20 999 99.0 99.0  2.27  8.70 99.00  53 9999.0 999.0  24.7 999.0 99.0 99.00
2008 12 29 13 20 999 99.0 99.0  2.07  8.70 99.00  52 9999.0 999.0  24.6 999.0 99.0 99.00
2008 12 29 14 20 999 99.0 99.0  2.10  8.70 99.00  52 9999.0 999.0  24.7 999.0 99.0 99.00
2008 12 29 15 20 999 99.0 99.0  1.91  8.70 99.00  53 9999.0 999.0  24.8 999.0 99.0 99.00
2008 12 29 16 20 999 99.0 99.0  1.93  8.70 99.00  53 9999.0 999.0  24.9 999.0 99.0 99.00
2008 12 29 17 20 999 99.0 99.0  2.01  8.30 99.00  51 9999.0 999.0  25.0 999.0 99.0 99.00
2008 12 29 18 20 999 99.0 99.0  2.00  8.70 99.00  53 9999.0 999.0  25.1 999.0 99.0 99.00
2008 12 29 19 20 999 99.0 99.0  2.07  9.10 99.00  55 9999.0 999.0  25.2 999.0 99.0 99.00
2008 12 29 20 20 999 99.0 99.0  2.00  8.30 99.00  57 9999.0 999.0  25.2 999.0 99.0 99.00
2008 12 29 21 20 999 99.0 99.0  2.04  8.30 99.00  54 9999.0 999.0  25.2 999.0 99.0 99.00
2008 12 29 22 20 999 99.0 99.0  1.80  8.70 99.00  56 9999.0 999.0  25.2 999.0 99.0 99.00
2008 12 29 23 20 999 99.0 99.0  1.79  8.70 99.00  55 9999.0 999.0  25.2 999.0 99.0 99.00
2008 12 30 00 20 999 99.0 99.0  1.86  8.70 99.00  58 9999.0 999.0  25.1 999.0 99.0 99.00
2008 12 30 01 20 999 99.0 99.0  1.79  8.70 99.00  57 9999.0 999.0  25.1 999.0 99.0 99.00
2008 12 30 02 20 999 99.0 99.0  1.72  8.30 99.00  53 9999.0 999.0  25.0 999.0 99.0 99.00
2008 12 30 03 20 999 99.0 99.0  1.85  7.40 99.00  51 9999.0 999.0  25.0 999.0 99.0 99.00
2008 12 30 04 20 999 99.0 99.0  1.61  8.70 99.00  54 9999.0 999.0  25.0 999.0 99.0 99.00
2008 12 30 06 20 999 99.0 99.0  1.79  7.70 99.00  52 9999.0 999.0  25.0 999.0 99.0 99.00
2008 12 30 07 20 999 99.0 99.0  1.73  8.00 99.00  55 9999.0 999.0  25.0 999.0 99.0 99.00
2008 12 30 09 20 999 99.0 99.0  1.76  8.00 99.00  50 9999.0 999.0  25.0 999.0 99.0 99.00
2008 12 30 10 20 999 99.0 99.0  1.62  7.10 99.00  54 9999.0 999.0  25.0 999.0 99.0 99.00
2008 12 30 11 20 999 99.0 99.0  1.60  7.70 99.00  55 9999.0 999.0  25.0 999.0 99.0 99.00
2008 12 30 12 20 999 99.0 99.0  1.66  8.30 99.00  51 9999.0 999.0  25.0 999.0 99.0 99.00
2008 12 30 13 20 999 99.0 99.0  1.71  8.30 99.00  52 9999.0 999.0  25.0 999.0 99.0 99.00
2008 12 30 14 20 999 99.0 99.0  1.70  8.30 99.00  52 9999.0 999.0  25.0 999.0 99.0 99.00
2008 12 30 15 20 999 99.0 99.0  1.48  8.00 99.00  50 9999.0 999.0  25.1 999.0 99.0 99.00
2008 12 30 18 20 999 99.0 99.0  1.49  8.00 99.00  52 9999.0 999.0  25.3 999.0 99.0 99.00
2008 12 30 19 20 999 99.0 99.0  1.42  8.30 99.00  59 9999.0 999.0  25.3 999.0 99.0 99.00
2008 12 30 20 20 999 99.0 99.0  1.32  6.70 99.00  57 9999.0 999.0  25.4 999.0 99.0 99.00
2008 12 30 21 20 999 99.0 99.0  1.32  8.70 99.00  56 9999.0 999.0  25.4 999.0 99.0 99.00
2008 12 30 22 20 999 99.0 99.0  1.43  8.00 99.00  59 9999.0 999.0  25.3 999.0 99.0 99.00
2008 12 31 00 20 999 99.0 99.0  1.33  6.50 99.00  56 9999.0 999.0  25.3 999.0 99.0 99.00
2008 12 31 01 20 999 99.0 99.0  1.28  7.40 99.00  55 9999.0 999.0  25.2 999.0 99.0 99.00
2008 12 31 02 20 999 99.0 99.0  1.38  8.00 99.00  51 9999.0 999.0  25.2 999.0 99.0 99.00
2008 12 31 04 20 999 99.0 99.0  1.29  7.70 99.00  50 9999.0 999.0  25.2 999.0 99.0 99.00
2008 12 31 06 20 999 99.0 99.0  1.25  5.90 99.00  56 9999.0 999.0  25.1 999.0 99.0 99.00
2008 12 31 07 20 999 99.0 99.0  1.40  6.50 99.00  58 9999.0 999.0  25.1 999.0 99.0 99.00
2008 12 31 08 20 999 99.0 99.0  1.33  5.40 99.00  54 9999.0 999.0  25.1 999.0 99.0 99.00
2008 12 31 09 20 999 99.0 99.0  1.34  6.10 99.00  55 9999.0 999.0  25.1 999.0 99.0 99.00
2008 12 31 10 20 999 99.0 99.0  1.27  6.70 99.00  55 9999.0 999.0  25.1 999.0 99.0 99.00
2008 12 31 11 20 999 99.0 99.0  1.28  5.40 99.00  54 9999.0 999.0  25.0 999.0 99.0 99.00
2008 12 31 12 20 999 99.0 99.0  1.23  7.10 99.00  55 9999.0 999.0  25.0 999.0 99.0 99.00
2008 12 31 13 20 999 99.0 99.0  1.17  9.10 99.00  54 9999.0 999.0  25.0 999.0 99.0 99.00
2008 12 31 14 20 999 99.0 99.0  1.12  4.90 99.00  54 9999.0 999.0  25.1 999.0 99.0 99.00
2008 12 31 15 20 999 99.0 99.0  1.14  9.10 99.00  52 9999.0 999.0  25.2 999.0 99.0 99.00
2008 12 31 17 20 999 99.0 99.0  1.08  9.10 99.00  50 9999.0 999.0  25.3 999.0 99.0 99.00
2008 12 31 18 20 999 99.0 99.0  1.14  5.90 99.00  61 9999.0 999.0  25.5 999.0 99.0 99.00
2008 12 31 19 20 999 99.0 99.0  1.24  5.90 99.00  65 9999.0 999.0  25.4 999.0 99.0 99.00
2008 12 31 20 20 999 99.0 99.0  1.15  7.70 99.00  62 9999.0 999.0  25.4 999.0 99.0 99.00
2008 12 31 21 20 999 99.0 99.0  1.24  7.10 99.00  67 9999.0 999.0  25.4 999.0 99.0 99.00
2008 12 31 22 20 999 99.0 99.0  1.26  5.90 99.00  67 9999.0 999.0  25.3 999.0 99.0 99.00
