#YY  MM DD hh mm WDIR WSPD GST  WVHT   DPD   APD MWD   PRES  ATMP  WTMP  DEWP  VIS  TIDE
#yr  mo dy hr mn degT m/s  m/s     m   sec   sec deg    hPa  degC  degC  degC  nmi    ft
2010 01 01 00 30 999 99.0 99.0  2.11  8.70 99.00  38 9999.0 999.0  25.4 999.0 99.0 99.00
2010 01 01 01 30 999 99.0 99.0  2.14  9.10 99.00  37 9999.0 999.0  25.4 999.0 99.0 99.00
2010 01 01 02 30 999 99.0 99.0  2.13  9.10 99.00  40 9999.0 999.0  25.4 999.0 99.0 99.00
2010 01 01 08 30 999 99.0 99.0  1.86  8.70 99.00  44 9999.0 999.0  25.3 999.0 99.0 99.00
2010 01 01 09 30 999 99.0 99.0  1.81  8.70 99.00  40 9999.0 999.0  25.1 999.0 99.0 99.00
2010 01 01 10 30 999 99.0 99.0  1.96  8.30 99.00  43 9999.0 999.0  25.1 999.0 99.0 99.00
2010 01 01 13 30 999 99.0 99.0  1.89  8.70 99.00  44 9999.0 999.0  25.1 999.0 99.0 99.00
2010 01 01 14 30 999 99.0 99.0  1.59  8.00 99.00  46 9999.0 999.0  25.1 999.0 99.0 99.00
2010 01 01 15 30 999 99.0 99.0  1.43  8.00 99.00  48 9999.0 999.0  25.1 999.0 99.0 99.00
2010 01 01 19 30 999 99.0 99.0  1.54  8.00 99.00  49 9999.0 999.0  25.2 999.0 99.0 99.00
2010 01 01 20 30 999 99.0 99.0  1.54  7.70 99.00  51 9999.0 999.0  25.1 999.0 99.0 99.00
2010 01 01 21 30 999 99.0 99.0  1.53  7.70 99.00  47 9999.0 999.0  25.0 999.0 99.0 99.00
2010 01 01 23 30 999 99.0 99.0  1.49  6.90 99.00  54 9999.0 999.0  25.1 999.0 99.0 99.00
2010 01 02 00 30 999 99.0 99.0  1.46  7.70 99.00  57 9999.0 999.0  25.0 999.0 99.0 99.00
2010 01 02 01 30 999 99.0 99.0  1.37  7.10 99.00  44 9999.0 999.0  25.0 999.0 99.0 99.00
2010 01 02 02 30 999 99.0 99.0  1.19  7.10 99.00  47 9999.0 999.0  24.9 999.0 99.0 99.00
2010 01 02 03 30 999 99.0 99.0  1.12  7.10 99.00  46 9999.0 999.0  24.9 999.0 99.0 99.00
2010 01 02 06 30 999 99.0 99.0 99.00 99.00 99.00  27 9999.0 999.0  24.9 999.0 99.0 99.00
2010 01 02 07 30 999 99.0 99.0  1.21  7.40 99.00  36 9999.0 999.0  24.9 999.0 99.0 99.00
2010 01 02 08 30 999 99.0 99.0 99.00 99.00 99.00  23 9999.0 999.0  24.9 999.0 99.0 99.00
2010 01 02 09 30 999 99.0 99.0 99.00 99.00 99.00  51 9999.0 999.0  24.9 999.0 99.0 99.00
2010 01 02 10 30 999 99.0 99.0 99.00 99.00 99.00  48 9999.0 999.0  24.9 999.0 99.0 99.00
2010 01 02 11 30 999 99.0 99.0 99.00 99.00 99.00  44 9999.0 999.0  25.0 999.0 99.0 99.00
2010 01 02 13 30 999 99.0 99.0 99.00 99.00 99.00  42 9999.0 999.0  25.0 999.0 99.0 99.00
2010 01 02 14 30 999 99.0 99.0  1.10  7.40 99.00  45 9999.0 999.0  25.1 999.0 99.0 99.00
2010 01 02 15 30 999 99.0 99.0 99.00 99.00 99.00  25 9999.0 999.0  25.2 999.0 99.0 99.00
2010 01 02 16 30 999 99.0 99.0 99.00 99.00 99.00  40 9999.0 999.0  25.3 999.0 99.0 99.00
2010 01 02 17 30 999 99.0 99.0  1.30  7.10 99.00  50 9999.0 999.0  25.4 999.0 99.0 99.00
2010 01 02 19 30 999 99.0 99.0 99.00 99.00 99.00  43 9999.0 999.0  25.5 999.0 99.0 99.00
2010 01 02 20 30 999 99.0 99.0 99.00 99.00 99.00  59 9999.0 999.0  25.5 999.0 99.0 99.00
2010 01 02 21 30 999 99.0 99.0 99.00 99.00 99.00  39 9999.0 999.0  25.5 999.0 99.0 99.00
2010 01 02 22 30 999 99.0 99.0 99.00 99.00 99.00  23 9999.0 999.0  25.5 999.0 99.0 99.00
2010 01 02 23 30 999 99.0 99.0 99.00 99.00 99.00  67 9999.0 999.0  25.5 999.0 99.0 99.00
2010 01 03 00 30 999 99.0 99.0 99.00 99.00 99.00  43 9999.0 999.0  25.4 999.0 99.0 99.00
2010 01 03 01 30 999 99.0 99.0 99.00 99.00 99.00  51 9999.0 999.0  25.3 999.0 99.0 99.00
2010 01 03 02 30 999 99.0 99.0  1.17  8.00 99.00  52 9999.0 999.0  25.2 999.0 99.0 99.00
2010 01 03 03 30 999 99.0 99.0  1.02  7.70 99.00  43 9999.0 999.0  25.2 999.0 99.0 99.00
2010 01 03 04 30 999 99.0 99.0  0.90  8.30 99.00  43 9999.0 999.0  25.1 999.0 99.0 99.00
2010 01 03 06 30 999 99.0 99.0  0.83  8.70 99.00  52 9999.0 999.0  25.1 999.0 99.0 99.00
2010 01 03 08 30 999 99.0 99.0  0.82 13.30 99.00  48 9999.0 999.0  25.0 999.0 99.0 99.00
2010 01 03 11 30 999 99.0 99.0  0.80  9.10 99.00  48 9999.0 999.0  25.0 999.0 99.0 99.00
2010 01 03 12 30 999 99.0 99.0  0.88  8.30 99.00  60 9999.0 999.0  24.8 999.0 99.0 99.00
2010 01 03 13 30 999 99.0 99.0  0.88  8.30 99.00  61 9999.0 999.0  24.8 999.0 99.0 99.00
2010 01 03 14 30 999 99.0 99.0  0.90  3.90 99.00  62 9999.0 999.0  24.9 999.0 99.0 99.00
2010 01 03 15 30 999 99.0 99.0  0.90  4.20 99.00  60 9999.0 999.0  25.0 999.0 99.0 99.00
2010 01 03 16 30 999 99.0 99.0  0.90  8.00 99.00  57 9999.0 999.0  25.0 999.0 99.0 99.00
2010 01 03 17 30 999 99.0 99.0  0.98  3.80 99.00  58 9999.0 999.0  25.1 999.0 99.0 99.00
2010 01 03 18 30 999 99.0 99.0  1.08  4.50 99.00  60 9999.0 999.0  25.1 999.0 99.0 99.00
2010 01 03 19 30 999 99.0 99.0  1.18  4.30 99.00  54 9999.0 999.0  25.1 999.0 99.0 99.00
2010 01 03 20 30 999 99.0 99.0  1.28  4.10 99.00  56 9999.0 999.0  25.1 999.0 99.0 99.00
2010 01 03 21 30 999 99.0 99.0  1.23  4.90 99.00  60 9999.0 999.0  25.0 999.0 99.0 99.00
2010 01 03 22 30 999 99.0 99.0  1.31  4.50 99.00  66 9999.0 999.0  25.0 999.0 99.0 99.00
2010 01 03 23 30 999 99.0 99.0  1.29  4.90 99.00  62 9999.0 999.0  25.0 999.0 99.0 99.00
2010 01 04 01 30 999 99.0 99.0  1.00  6.30 99.00  57 9999.0 999.0  24.9 999.0 99.0 99.00
2010 01 04 02 30 999 99.0 99.0  0.84  6.30 99.00  56 9999.0 999.0  24.8 999.0 99.0 99.00
2010 01 04 03 30 999 99.0 99.0  0.86  5.40 99.00  50 9999.0 999.0  24.8 999.0 99.0 99.00
2010 01 04 04 30 999 99.0 99.0  0.89  5.60 99.00  47 9999.0 999.0  24.7 999.0 99.0 99.00
2010 01 04 06 30 999 99.0 99.0  0.91  5.30 99.00  53 9999.0 999.0  24.7 999.0 99.0 99.00
2010 01 04 07 30 999 99.0 99.0  1.09  5.40 99.00  52 9999.0 999.0  24.6 999.0 99.0 99.00
2010 01 04 08 30 999 99.0 99.0  1.14  5.60 99.00  51 9999.0 999.0  24.6 999.0 99.0 99.00
2010 01 04 09 30 999 99.0 99.0  1.03  5.70 99.00  51 9999.0 999.0  24.6 999.0 99.0 99.00
2010 01 04 10 30 999 99.0 99.0  1.07  6.10 99.00  51 9999.0 999.0  24.6 999.0 99.0 99.00
2010 01 04 11 30 999 99.0 99.0  0.99  5.90 99.00  50 9999.0 999.0  24.5 999.0 99.0 99.00
2010 01 04 13 30 999 99.0 99.0  1.06  4.90 99.00  54 9999.0 999.0  24.6 999.0 99.0 99.00
2010 01 04 14 30 999 99.0 99.0  0.96  6.70 99.00  57 9999.0 999.0  24.6 999.0 99.0 99.00
2010 01 04 15 30 999 99.0 99.0  1.07  6.10 99.00  53 9999.0 999.0  24.7 999.0 99.0 99.00
2010 01 04 16 30 999 99.0 99.0  0.99  7.40 99.00  55 9999.0 999.0  24.9 999.0 99.0 99.00
2010 01 04 17 30 999 99.0 99.0  1.04  6.70 99.00  57 9999.0 999.0  25.1 999.0 99.0 99.00
2010 01 04 21 30 999 99.0 99.0  1.46  6.70 99.00  63 9999.0 999.0  24.8 999.0 99.0 99.00
2010 01 04 23 30 999 99.0 99.0  1.42  6.90 99.00  61 9999.0 999.0  24.7 999.0 99.0 99.00
2010 01 05 00 30 999 99.0 99.0  1.29  7.10 99.00  62 9999.0 999.0  24.7 999.0 99.0 99.00
2010 01 05 01 30 999 99.0 99.0  1.30  7.10 99.00  67 9999.0 999.0  24.6 999.0 99.0 99.00
2010 01 05 02 30 999 99.0 99.0  1.30  7.10 99.00  63 9999.0 999.0  24.6 999.0 99.0 99.00
2010 01 05 03 30 999 99.0 99.0  1.18  7.10 99.00  58 9999.0 999.0  24.6 999.0 99.0 99.00
2010 01 05 06 30 999 99.0 99.0  1.06  6.70 99.00  54 9999.0 999.0  24.6 999.0 99.0 99.00
2010 01 05 07 30 999 99.0 99.0  1.06  7.70 99.00  51 9999.0 999.0  24.6 999.0 99.0 99.00
2010 01 05 08 30 999 99.0 99.0  1.09  7.40 99.00  49 9999.0 999.0  24.6 999.0 99.0 99.00
2010 01 05 09 30 999 99.0 99.0  1.10  7.10 99.00  50 9999.0 999.0  24.6 999.0 99.0 99.00
2010 01 05 10 30 999 99.0 99.0  1.02  6.30 99.00  50 9999.0 999.0  24.7 999.0 99.0 99.00
2010 01 05 11 30 999 99.0 99.0  0.97  7.10 99.00  53 9999.0 999.0  24.7 999.0 99.0 99.00
2010 01 05 13 30 999 99.0 99.0  0.95  7.40 99.00  55 9999.0 999.0  24.7 999.0 99.0 99.00
2010 01 05 14 30 999 99.0 99.0  0.96  7.10 99.00  56 9999.0 999.0  24.8 999.0 99.0 99.00
2010 01 05 15 30 999 99.0 99.0  0.94  6.50 99.00  49 9999.0 999.0  24.9 999.0 99.0 99.00
2010 01 05 16 30 999 99.0 99.0  0.96  7.10 99.00  54 9999.0 999.0  25.0 999.0 99.0 99.00
2010 01 05 17 30 999 99.0 99.0  1.11  7.40 99.00  58 9999.0 999.0  25.1 999.0 99.0 99.00
2010 01 05 18 30 999 99.0 99.0  1.15  7.10 99.00  59 9999.0 999.0  25.2 999.0 99.0 99.00
2010 01 05 19 30 999 99.0 99.0  1.10  7.40 99.00  58 9999.0 999.0  25.2 999.0 99.0 99.00
2010 01 05 20 30 999 99.0 99.0  1.07  4.40 99.00  62 9999.0 999.0  25.2 999.0 99.0 99.00
2010 01 05 21 30 999 99.0 99.0  1.06  5.40 99.00  60 9999.0 999.0  25.2 999.0 99.0 99.00
2010 01 05 22 30 999 99.0 99.0  1.21  6.90 99.00  64 9999.0 999.0  25.1 999.0 99.0 99.00
2010 01 05 23 30 999 99.0 99.0  1.18  4.90 99.00  58 9999.0 999.0  25.1 999.0 99.0 99.00
2010 01 06 00 30 999 99.0 99.0  1.15  4.50 99.00  64 9999.0 999.0  25.0 999.0 99.0 99.00
2010 01 06 01 30 999 99.0 99.0  1.01  3.90 99.00  61 9999.0 999.0  25.0 999.0 99.0 99.00
2010 01 06 02 30 999 99.0 99.0  0.97  7.10 99.00  66 9999.0 999.0  25.0 999.0 99.0 99.00
2010 01 06 04 30 999 99.0 99.0  0.97  7.10 99.00  59 9999.0 999.0  25.0 999.0 99.0 99.00
2010 01 06 06 30 999 99.0 99.0  0.95  8.00 99.00  54 9999.0 999.0  25.0 999.0 99.0 99.00
2010 01 06 07 30 999 99.0 99.0  0.86  7.70 99.00  52 9999.0 999.0  24.9 999.0 99.0 99.00
2010 01 06 08 30 999 99.0 99.0  0.78  7.40 99.00  52 9999.0 999.0  24.9 999.0 99.0 99.00
2010 01 06 09 30 999 99.0 99.0  0.78  7.40 99.00  49 9999.0 999.0  24.9 999.0 99.0 99.00
2010 01 06 11 30 999 99.0 99.0  0.82  6.90 99.00  48 9999.0 999.0  24.9 999.0 99.0 99.00
2010 01 06 13 30 999 99.0 99.0  0.86  8.00 99.00  47 9999.0 999.0  24.8 999.0 99.0 99.00
2010 01 06 14 30 999 99.0 99.0  0.91  8.00 99.00  45 9999.0 999.0  24.8 999.0 99.0 99.00
2010 01 06 15 30 999 99.0 99.0  0.85  7.10 99.00  51 9999.0 999.0  24.8 999.0 99.0 99.00
2010 01 06 16 30 999 99.0 99.0  0.84  7.70 99.00  53 9999.0 999.0  24.9 999.0 99.0 99.00
2010 01 06 17 30 999 99.0 99.0  0.91  6.70 99.00  59 9999.0 999.0  25.1 999.0 99.0 99.00
2010 01 06 18 30 999 99.0 99.0  0.90  6.50 99.00  54 9999.0 999.0  25.1 999.0 99.0 99.00
2010 01 06 20 30 999 99.0 99.0  1.00  6.50 99.00  49 9999.0 999.0  25.1 999.0 99.0 99.00
2010 01 06 21 30 999 99.0 99.0  1.02  4.70 99.00  62 9999.0 999.0  25.1 999.0 99.0 99.00
2010 01 06 22 30 999 99.0 99.0  1.03  4.00 99.00  61 9999.0 999.0  25.1 999.0 99.0 99.00
2010 01 07 00 30 999 99.0 99.0  1.02  3.90 99.00  57 9999.0 999.0  25.1 999.0 99.0 99.00
2010 01 07 01 30 999 99.0 99.0  1.02  6.90 99.00  60 9999.0 999.0  25.0 999.0 99.0 99.00
2010 01 07 02 30 999 99.0 99.0  0.98  4.40 99.00  66 9999.0 999.0  25.0 999.0 99.0 99.00
2010 01 07 03 30 999 99.0 99.0  0.92  5.10 99.00  64 9999.0 999.0  25.1 999.0 99.0 99.00
2010 01 07 04 30 999 99.0 99.0  0.95  4.50 99.00  62 9999.0 999.0  25.0 999.0 99.0 99.00
2010 01 07 06 30 999 99.0 99.0  0.90  6.90 99.00  59 9999.0 999.0  25.1 999.0 99.0 99.00
2010 01 07 08 30 999 99.0 99.0  0.94  4.40 99.00  61 9999.0 999.0  25.1 999.0 99.0 99.00
2010 01 07 09 30 999 99.0 99.0  0.94  5.60 99.00  59 9999.0 999.0  25.1 999.0 99.0 99.00
2010 01 07 10 30 999 99.0 99.0  0.97  4.90 99.00  57 9999.0 999.0  25.0 999.0 99.0 99.00
2010 01 07 12 30 999 99.0 99.0  0.98  4.90 99.00  57 9999.0 999.0  25.0 999.0 99.0 99.00
2010 01 07 13 30 999 99.0 99.0  1.01  5.70 99.00  53 9999.0 999.0  25.0 999.0 99.0 99.00
2010 01 07 14 30 999 99.0 99.0  0.97  5.40 99.00  51 9999.0 999.0  25.0 999.0 99.0 99.00
2010 01 07 16 30 999 99.0 99.0  1.02  6.10 99.00  51 9999.0 999.0  25.1 999.0 99.0 99.00
2010 01 07 17 30 999 99.0 99.0  1.16  4.40 99.00  61 9999.0 999.0  25.2 999.0 99.0 99.00
2010 01 08 08 30 999 99.0 99.0  1.19  5.70 99.00  53 9999.0 999.0  24.9 999.0 99.0 99.00
2010 01 08 13 30 999 99.0 99.0  1.45  7.70 99.00  35 9999.0 999.0  24.6 999.0 99.0 99.00
2010 01 08 14 30 999 99.0 99.0  1.59  6.50 99.00  35 9999.0 999.0  24.3 999.0 99.0 99.00
2010 01 08 15 30 999 99.0 99.0  1.60  7.10 99.00  38 9999.0 999.0  24.2 999.0 99.0 99.00
2010 01 08 17 30 999 99.0 99.0  1.69  6.10 99.00  44 9999.0 999.0  24.2 999.0 99.0 99.00
2010 01 08 19 30 999 99.0 99.0  1.94  6.70 99.00  48 9999.0 999.0  24.2 999.0 99.0 99.00
2010 01 08 20 30 999 99.0 99.0  2.00  7.40 99.00  55 9999.0 999.0  24.2 999.0 99.0 99.00
2010 01 08 21 30 999 99.0 99.0  2.02  7.70 99.00  56 9999.0 999.0  24.2 999.0 99.0 99.00
2010 01 08 22 30 999 99.0 99.0  1.72  6.90 99.00  55 9999.0 999.0  24.2 999.0 99.0 99.00
