#YY  MM DD hh mm WDIR WSPD GST  WVHT   DPD   APD MWD   PRES  ATMP  WTMP  DEWP  VIS  TIDE
#yr  mo dy hr mn degT m/s  m/s     m   sec   sec deg    hPa  degC  degC  degC  nmi    ft
2010 04 19 03 50  39 10.3 13.0  2.47  9.09  5.32 999 1014.3  19.7  22.6  14.7 99.0 99.00
2010 04 19 04 50  35 10.0 11.8  2.47  5.88  5.61 999 1014.4  19.5  22.6  14.0 99.0 99.00
2010 04 19 05 50  33 10.4 12.8  2.31  6.67  5.67 999 1014.0  19.2  22.5  13.0 99.0 99.00
2010 04 19 06 50  33  9.6 12.1  2.21  6.25  6.06 999 1014.0  18.8  22.4  11.8 99.0 99.00
2010 04 19 07 50  28  9.0 11.7  2.27  7.14  5.91 999 1014.4  18.7  22.4  11.3 99.0 99.00
2010 04 19 08 50  31  8.5 10.6  2.12  6.67  6.01 999 1014.5  18.6  22.3  10.6 99.0 99.00
2010 04 19 09 50  28  8.2  9.8  2.06  8.33  6.03 999 1014.6  18.5  22.3  10.2 99.0 99.00
2010 04 19 10 50  36  8.3 11.3  2.11  6.67  6.15 999 1015.2  18.5  22.3  10.4 99.0 99.00
2010 04 19 11 50  32  7.9  9.8  2.04  7.69  6.06 999 1015.3  18.5  22.3  10.0 99.0 99.00
2010 04 19 12 50  36  7.1 10.0  1.77  9.09  5.92 999 1016.3  18.7  22.2   9.5 99.0 99.00
2010 04 19 13 50  42  6.1  7.6  1.94  8.33  6.11 999 1016.0  18.8  22.2   8.5 99.0 99.00
2010 04 19 14 50  45  7.5  9.4  1.77 11.43  5.93 999 1015.5  18.9  22.2  10.6 99.0 99.00
2010 04 19 15 50  33  7.6  9.6  1.99  7.69  5.75 999 1015.4  18.7  22.2  10.5 99.0 99.00
2010 04 19 16 50  35  7.1  8.8  2.00  7.69  5.99 999 1015.4  18.8  22.2  10.1 99.0 99.00
2010 04 19 17 50  37  6.3  8.3  1.82  8.33  5.79 999 1015.3  18.9  22.2   9.7 99.0 99.00
2010 04 19 18 50  42  5.6  7.0  1.71  7.14  5.87 999 1015.3  19.0  22.2  10.1 99.0 99.00
2010 04 19 19 50  32  4.7  6.5  1.62  7.14  5.90 999 1014.8  19.1  22.3   9.6 99.0 99.00
2010 04 19 20 50  20  7.3  9.4  1.62  8.33  5.92 999 1014.5  19.0  22.3  11.2 99.0 99.00
2010 04 19 21 50  19  7.0  9.3  1.58  8.33  5.72 999 1014.5  18.8  22.5  10.1 99.0 99.00
2010 04 19 22 50  17  8.5 12.3  1.49  8.33  5.23 999 1014.5  18.8  22.5  11.6 99.0 99.00
2010 04 19 23 50   9  8.5 10.5  1.72  8.33  5.19 999 1015.0  18.3  22.6  12.0 99.0 99.00
2010 04 20 00 50   8  8.2  9.8  1.54  5.56  5.01 999 1015.7  18.2  22.6  10.8 99.0 99.00
2010 04 20 01 50   7  7.1  9.0  1.48  8.33  5.16 999 1016.0  18.2  22.6  10.3 99.0 99.00
2010 04 20 02 50  12  5.6  7.5  1.44  8.33  5.23 999 1016.0  18.1  22.5   9.3 99.0 99.00
2010 04 20 03 50 359  5.1  6.6  1.34  6.67  5.19 999 1016.3  18.1  22.5   9.3 99.0 99.00
2010 04 20 04 50   5  4.8  7.2  1.24  7.69  5.31 999 1016.2  18.1  22.5   9.0 99.0 99.00
2010 04 20 05 50   1  5.0  7.0  1.23  7.69  5.39 999 1015.5  18.2  22.5   8.9 99.0 99.00
2010 04 20 06 50   5  5.3  6.7  1.16  7.69  5.25 999 1015.0  18.0  22.4   7.7 99.0 99.00
2010 04 20 07 50   9  6.3  8.7  1.18  8.33  5.25 999 1014.8  18.1  22.3   8.7 99.0 99.00
2010 04 20 08 50   3  5.1  6.9  1.15  8.33  5.27 999 1014.9  18.0  22.2   7.2 99.0 99.00
2010 04 20 09 50 357  5.6  7.9  1.10  8.33  5.36 999 1014.9  18.2  22.1   7.4 99.0 99.00
2010 04 20 10 50 344  4.6  6.0  1.17  7.14  5.57 999 1015.7  18.2  22.0   7.9 99.0 99.00
2010 04 20 11 50 343  4.2  5.3  1.12  7.69  5.40 999 1016.2  18.4  22.0   7.2 99.0 99.00
2010 04 20 12 50  14  6.3  7.7  1.08  8.33  5.22 999 1016.0  18.1  22.0   8.3 99.0 99.00
2010 04 20 13 50 348  5.5  8.2  1.18  7.69  5.38 999 1016.4  18.2  22.0   7.7 99.0 99.00
2010 04 20 14 50 346  6.4  8.1  1.19  6.67  5.23 999 1016.7  18.1  21.9   7.9 99.0 99.00
2010 04 20 15 50 341  5.2  6.5  1.18  7.69  5.26 999 1016.7  18.0  22.0   6.9 99.0 99.00
2010 04 20 16 50 355  4.9  6.7  1.13  6.67  5.29 999 1016.4  18.1  22.0   7.7 99.0 99.00
2010 04 20 17 50 344  4.7  6.5  0.99  7.69  5.13 999 1016.3  18.1  22.0   7.4 99.0 99.00
2010 04 20 18 50 335  4.4  6.0  1.07  7.14  5.33 999 1015.7  18.1  21.9   7.8 99.0 99.00
2010 04 20 19 50 330  4.7  6.2  1.07  7.69  5.44 999 1015.4  18.3  21.9   7.9 99.0 99.00
2010 04 20 20 50 334  4.5  6.4  0.97 12.90  5.30 999 1015.4  18.3  21.9   8.3 99.0 99.00
2010 04 20 21 50 358  3.0  4.4  0.97  6.67  5.31 999 1015.4  18.5  21.9   7.1 99.0 99.00
2010 04 20 22 50 350  1.8  2.8  1.04 12.12  5.68 999 1015.3  18.5  21.9   6.9 99.0 99.00
2010 04 20 23 50  27  1.3  2.5  1.00  5.88  5.71 999 1015.5  18.4  21.9   7.4 99.0 99.00
2010 04 21 00 50 328  0.3  1.0  1.01 11.43  5.86 999 1015.8  18.4  21.9   7.1 99.0 99.00
2010 04 21 01 50 328  1.7  2.4  1.02  5.88  5.95 999 1016.0  18.6  21.9   8.2 99.0 99.00
2010 04 21 02 50   6  0.8  1.8  0.87 12.90  5.86 999 1015.5  18.5  21.8   7.8 99.0 99.00
2010 04 21 03 50 284  0.8  2.0  0.95  7.14  5.95 999 1015.0  18.4  21.8   7.5 99.0 99.00
2010 04 21 04 50 246  1.7  3.2  0.87 12.12  6.07 999 1014.8  18.4  21.8   8.0 99.0 99.00
2010 04 21 05 50 238  2.8  4.0  0.84  6.67  6.10 999 1014.2  18.5  21.8   8.4 99.0 99.00
2010 04 21 06 50 230  2.4  3.6  0.87  7.14  6.38 999 1013.3  18.4  21.8   8.7 99.0 99.00
2010 04 21 07 50 266  2.4  3.6  0.86  7.14  6.42 999 1013.1  18.4  21.8   8.9 99.0 99.00
2010 04 21 08 50 238  2.8  5.1  0.82 12.12  6.46 999 1013.0  18.5  21.8   9.3 99.0 99.00
2010 04 21 09 50 249  2.5  3.7  0.79 12.12  6.75 999 1013.0  18.6  21.8   9.4 99.0 99.00
2010 04 21 10 50 223  2.2  3.0  0.87 11.43  6.98 999 1013.2  18.8  22.1  10.0 99.0 99.00
2010 04 21 11 50 232  2.0  3.7  0.82 12.90  6.94 999 1013.4  19.0  22.1   9.7 99.0 99.00
2010 04 21 12 50 192  2.7  3.9  0.90 12.12  6.99 999 1013.3  19.2  22.1   9.7 99.0 99.00
2010 04 21 13 50 200  2.3  3.4  0.89 11.43  7.34 999 1013.1  19.3  22.0  10.0 99.0 99.00
2010 04 21 14 50 194  3.7  4.8  0.87 12.12  7.07 999 1013.1  19.6  22.0  10.0 99.0 99.00
2010 04 21 15 50 194  5.6  7.7  0.73 12.90  6.65 999 1012.9  19.5  22.2  11.2 99.0 99.00
2010 04 21 16 50 190  7.0  8.8  0.68 11.43  5.60 999 1012.2  19.3  22.3  12.8 99.0 99.00
2010 04 21 17 50 183  9.0 10.7  0.83 12.12  4.21 999 1011.1  18.8  22.3  13.6 99.0 99.00
2010 04 21 18 50 172  7.8  9.4  0.95 12.90  4.27 999 1010.2  18.5  22.5  14.2 99.0 99.00
2010 04 21 19 50 169 10.3 12.2  1.07 12.12  4.15 999 1009.2  19.1  22.5  14.8 99.0 99.00
2010 04 21 20 50 176 11.5 13.8  1.43  4.35  4.31 999 1008.2  19.8  22.6  16.1 99.0 99.00
2010 04 21 21 50 193 12.5 15.2  1.75  5.00  4.55 999 1007.9  20.2  22.6  16.7 99.0 99.00
2010 04 21 22 50 206 12.0 14.6  1.95  5.56  4.78 999 1007.3  20.5  22.6  16.3 99.0 99.00
2010 04 21 23 50 191 11.1 13.5  1.87  5.88  4.71 999 1007.2  20.2  22.6  17.3 99.0 99.00
2010 04 22 00 50 216 11.1 13.6  1.92  5.56  4.82 999 1007.4  20.4  22.6  17.0 99.0 99.00
2010 04 22 01 50 289  8.3 10.1  1.64  5.88  4.94 999 1008.4  20.6  22.7  17.0 99.0 99.00
2010 04 22 02 50 287  8.6 10.3  1.53  6.25  4.88 999 1008.3  20.8  22.7  16.1 99.0 99.00
2010 04 22 03 50 283 10.9 13.5  1.60  6.25  4.62 999 1008.1  21.6  22.8  13.9 99.0 99.00
2010 04 22 04 50 283  9.3 11.5  1.80  5.88  4.90 999 1008.3  21.5  22.9  13.8 99.0 99.00
2010 04 22 05 50 293  9.7 12.5  1.76  6.25  5.05 999 1008.1  21.6  22.9  13.4 99.0 99.00
2010 04 22 06 50 285  9.6 11.4  1.85  5.88  5.10 999 1007.6  21.7  22.9  13.6 99.0 99.00
2010 04 22 07 50 303 10.5 12.2  1.76  5.88  5.07 999 1007.3  21.3  22.9  13.8 99.0 99.00
2010 04 22 08 50 301 10.4 12.7  1.88  6.67  5.16 999 1007.6  21.0  22.9  14.1 99.0 99.00
2010 04 22 09 50 299  9.4 12.1  1.84  6.25  5.15 999 1008.3  20.6  22.9  13.7 99.0 99.00
2010 04 22 10 50 304  9.5 11.3  1.78  5.88  5.19 999 1009.2  20.7  22.9  13.2 99.0 99.00
2010 04 22 11 50 313  9.3 11.2  1.89  6.25  5.21 999 1010.1  20.7  22.9  12.7 99.0 99.00
2010 04 22 12 50 313  9.4 11.3  1.94  6.25  5.35 999 1010.5  20.6  22.9  12.5 99.0 99.00
2010 04 22 13 50 318  9.2 11.0  1.75  6.25  5.25 999 1011.2  20.7  22.9  12.2 99.0 99.00
2010 04 22 14 50 324  8.8 11.2  1.73  5.88  5.32 999 1011.7  20.5  22.9  12.6 99.0 99.00
2010 04 22 15 50 325  7.5  9.8  1.86  6.25  5.38 999 1011.9  20.5  22.9  12.7 99.0 99.00
2010 04 22 16 50 314  6.0  7.5  1.76  6.25  5.46 999 1011.7  20.5  22.9  12.4 99.0 99.00
2010 04 22 17 50 301  5.9  7.3  1.53  6.25  5.31 999 1011.5  20.7  22.9  12.1 99.0 99.00
2010 04 22 18 50 296  5.5  7.5  1.42  5.56  5.23 999 1011.3  21.0  22.9  11.5 99.0 99.00
2010 04 22 19 50 290  5.2  6.7  1.27  6.25  5.23 999 1010.7  21.2  22.9  12.2 99.0 99.00
2010 04 22 20 50 289  6.5  7.7  1.24  6.25  5.20 999 1010.8  21.4  22.8  12.9 99.0 99.00
2010 04 22 21 50 286  7.3  8.8  1.22  5.56  4.95 999 1011.2  21.6  22.8  12.9 99.0 99.00
2010 04 22 22 50 295  7.1  9.0  1.23  5.26  4.98 999 1011.4  21.5  22.6  12.2 99.0 99.00
2010 04 22 23 50 288  7.3  8.9  1.20  5.00  4.65 999 1012.1  21.6  22.5  10.4 99.0 99.00
2010 04 23 00 50 304  7.0  9.0  1.28  5.26  4.77 999 1012.8  21.6  22.4  10.5 99.0 99.00
2010 04 23 01 50 301  6.2  8.2  1.31  5.00  4.85 999 1013.5  21.8  22.3   8.2 99.0 99.00
2010 04 23 02 50 296  5.7  7.5  1.18  5.00  4.86 999 1014.2  22.0  22.3   8.1 99.0 99.00
2010 04 23 03 50 305  5.0  6.1  1.17  5.00  4.80 999 1014.1  22.0  22.4   6.9 99.0 99.00
2010 04 23 04 50 287  3.4  4.6  1.12  4.76  4.98 999 1014.3  22.0  22.4   7.2 99.0 99.00
2010 04 23 05 50 280  4.6  5.5  1.06  4.76  5.03 999 1014.2  21.9  22.4   8.2 99.0 99.00
2010 04 23 06 50 281  4.3  6.0  1.01  7.14  5.05 999 1013.9  21.8  22.4   9.4 99.0 99.00
2010 04 23 07 50 276  4.2  5.9  0.93 10.81  5.01 999 1013.5  21.9  22.4   9.5 99.0 99.00
2010 04 23 08 50 294  3.8  4.7  0.89  6.67  4.95 999 1013.5  21.9  22.5   9.9 99.0 99.00
2010 04 23 09 50 283  4.6  5.5  0.80  7.14  4.92 999 1013.8  22.0  22.5  11.1 99.0 99.00
2010 04 23 10 50 284  5.2  7.0  0.82  6.67  5.00 999 1014.7  22.2  22.4  11.0 99.0 99.00
2010 04 23 11 50 280  5.0  6.7  0.80  6.67  4.98 999 1015.5  22.4  22.4  11.6 99.0 99.00
2010 04 23 12 50 286  4.1  4.9  0.74 12.12  5.02 999 1015.9  22.6  22.4  11.4 99.0 99.00
2010 04 23 13 50 273  4.2  5.1  0.67 11.43  4.80 999 1016.1  22.5  22.4  12.0 99.0 99.00
2010 04 23 14 50 259  4.3  5.1  0.65 11.43  5.00 999 1016.4  22.6  22.4  12.8 99.0 99.00
2010 04 23 15 50 252  5.1  5.9  0.62 11.43  4.74 999 1016.4  22.6  22.5  13.1 99.0 99.00
2010 04 23 16 50 240  6.9  8.6  0.67 11.43  4.41 999 1016.1  22.3  22.5  15.1 99.0 99.00
2010 04 23 17 50 240  7.8  9.4  0.76 10.81  3.95 999 1015.9  22.3  22.6  16.5 99.0 99.00
2010 04 23 18 50 239  8.5 10.0  0.80  6.67  4.05 999 1015.8  22.3  22.6  16.6 99.0 99.00
2010 04 23 19 50 238  8.4  9.8  0.85  4.17  3.88 999 1015.3  22.4  22.7  16.4 99.0 99.00
2010 04 23 20 50 241  8.8 10.1  0.93  4.35  4.06 999 1015.1  22.6  22.7  15.6 99.0 99.00
2010 04 23 21 50 235  8.5 10.3  0.96  4.17  4.00 999 1015.1  22.6  22.7  16.2 99.0 99.00
2010 04 23 22 50 232  8.7  9.9  0.97  4.17  4.04 999 1015.4  22.6  22.7  16.5 99.0 99.00
2010 04 23 23 50 235  8.5 10.2  0.95  4.55  3.93 999 1015.8  22.5  22.7  17.0 99.0 99.00
2010 04 24 00 50 235  8.8 10.4  1.09  4.55  4.02 999 1016.2  22.4  22.7  17.0 99.0 99.00
2010 04 24 01 50 236  9.0 10.5  1.17  4.55  4.05 999 1016.8  22.4  22.7  17.0 99.0 99.00
2010 04 24 02 50 241  8.2  9.4  1.15  4.55  4.04 999 1017.0  22.5  22.7  17.0 99.0 99.00
2010 04 24 03 50 238  9.0 10.6  1.32  5.00  4.30 999 1017.0  22.5  22.7  17.3 99.0 99.00
2010 04 24 04 50 242  8.6 10.6  1.20  5.00  4.12 999 1017.0  22.5  22.7  17.8 99.0 99.00
2010 04 24 05 50 248  8.0  9.2  1.38  5.26  4.44 999 1016.8  22.4  22.7  17.5 99.0 99.00
2010 04 24 06 50 245  7.6  8.7  1.30  5.26  4.34 999 1016.1  22.3  22.7  17.8 99.0 99.00
2010 04 24 07 50 246  7.4  8.9  1.13  5.00  4.21 999 1016.1  22.2  22.8  18.2 99.0 99.00
2010 04 24 08 50 250  6.4  7.7  1.12  5.56  4.42 999 1016.4  22.3  22.8  18.3 99.0 99.00
2010 04 24 09 50 252  6.7  7.5  1.14  5.56  4.44 999 1016.5  22.2  22.8  18.4 99.0 99.00
2010 04 24 10 50 256  6.1  7.1  1.07  5.26  4.55 999 1017.4  22.2  22.8  18.5 99.0 99.00
2010 04 24 11 50 258  5.1  5.8  0.97  5.88  4.42 999 1017.9  22.2  22.8  18.4 99.0 99.00
2010 04 24 12 50 265  3.7  4.6  0.92  5.56  4.47 999 1018.9  22.3  22.8  18.3 99.0 99.00
2010 04 24 13 50 254  1.5  2.2  0.96  5.56  4.82 999 1018.3  22.3  22.9  18.2 99.0 99.00
2010 04 24 14 50 250  1.5  2.2  0.94  5.88  4.96 999 1018.9  22.5  23.2  18.1 99.0 99.00
2010 04 24 15 50 224  2.3  3.0  0.95  5.88  5.00 999 1018.6  22.6  23.5  18.0 99.0 99.00
2010 04 24 16 50 211  3.4  4.0  0.85  5.56  4.99 999 1018.0  22.6  23.6  18.1 99.0 99.00
2010 04 24 17 50 219  5.3  6.6  0.97  5.56  5.16 999 1018.4  22.6  23.5  18.5 99.0 99.00
2010 04 24 18 50 220  5.7  6.7  0.94  5.56  5.12 999 1017.9  22.7  23.4  18.6 99.0 99.00
2010 04 24 19 50 203  6.6  8.0  0.93  5.56  4.79 999 1016.7  22.5  23.3  19.0 99.0 99.00
2010 04 24 20 50 199  7.0  8.0  0.95  5.56  4.68 999 1016.5  22.4  23.2  18.9 99.0 99.00
2010 04 24 21 50 200  6.8  7.8  0.96  5.56  4.42 999 1016.5  22.3  23.2  18.6 99.0 99.00
2010 04 24 22 50 208  6.1  7.2  1.03  5.88  4.58 999 1016.9  22.5  23.2  18.3 99.0 99.00
2010 04 24 23 50 204  7.2  8.3  0.96  6.25  4.23 999 1016.5  22.5  23.2  17.8 99.0 99.00
2010 04 25 00 50 198  8.3  9.6  1.01 10.81  4.35 999 1016.3  22.6  23.6  17.9 99.0 99.00
2010 04 25 01 50 194  8.3 10.0  0.95  5.88  3.93 999 1016.3  22.4  23.7  17.7 99.0 99.00
2010 04 25 02 50 197  9.1 10.7  1.01 12.12  3.93 999 1016.3  22.5  23.9  17.1 99.0 99.00
2010 04 25 03 50 195  9.5 11.0  1.05  5.88  3.98 999 1015.2  22.3  24.0  17.2 99.0 99.00
2010 04 25 04 50 196  9.1 10.4  1.16  5.26  4.01 999 1014.8  22.4  24.0  17.8 99.0 99.00
2010 04 25 05 50 199  9.8 11.6  1.19 11.43  4.11 999 1014.1  22.3  23.9  18.0 99.0 99.00
2010 04 25 06 50 196  9.3 10.8  1.37  4.55  4.26 999 1012.7  22.2  23.9  18.4 99.0 99.00
2010 04 25 07 50 193  9.6 11.3  1.31  4.76  4.07 999 1011.9  22.3  23.9  18.1 99.0 99.00
2010 04 25 08 50 194 10.0 11.7  1.40  3.85  4.17 999 1011.5  22.3  23.8  18.0 99.0 99.00
2010 04 25 09 50 194 10.3 11.7  1.42  4.35  4.26 999 1011.4  22.4  23.8  18.2 99.0 99.00
2010 04 25 10 50 202 10.8 12.9  1.58  4.76  4.33 999 1011.8  22.4  23.7  18.6 99.0 99.00
2010 04 25 11 50 199 11.2 13.5  1.70  5.00  4.57 999 1011.9  22.4  23.6  18.9 99.0 99.00
2010 04 25 12 50 195 11.9 14.6  1.74  5.56  4.61 999 1011.5  22.4  23.5  18.7 99.0 99.00
2010 04 25 13 50 207 11.7 14.1  1.97  5.56  4.87 999 1011.7  22.5  23.4  19.0 99.0 99.00
2010 04 25 14 50 217 12.5 14.7  2.02  5.88  4.89 999 1012.2  22.6  23.3  19.1 99.0 99.00
2010 04 25 15 50 212 12.3 15.0  2.39  6.25  5.11 999 1011.4  22.7  23.2  19.5 99.0 99.00
2010 04 25 16 50 217 12.4 15.2  2.25  6.25  5.09 999 1011.2  22.7  23.0  19.4 99.0 99.00
2010 04 25 17 50 217 11.6 14.4  2.48  6.67  5.38 999 1010.3  22.7  22.9  19.6 99.0 99.00
2010 04 25 18 50 212 11.5 14.6  2.53  7.14  5.65 999 1009.3  22.6  23.0  19.7 99.0 99.00
2010 04 25 19 50 203 12.0 14.5  2.58  6.67  5.46 999 1007.8  22.6  23.0  19.7 99.0 99.00
2010 04 25 20 50 196 13.7 16.3  2.62  6.67  5.60 999 1006.4  22.6  22.9  19.7 99.0 99.00
2010 04 25 21 50 205 14.2 17.1  2.99  7.14  5.59 999 1006.0  22.7  22.9  19.9 99.0 99.00
2010 04 25 22 50 199 14.0 16.8  3.09  7.69  5.59 999 1005.5  22.6  22.9  19.8 99.0 99.00
2010 04 25 23 50 199 14.0 16.7  3.01  7.69  5.59 999 1004.3  22.6  22.9  20.0 99.0 99.00
2010 04 26 00 50 201 13.3 16.8  2.95  7.14  5.47 999 1003.8  22.6  22.9  20.1 99.0 99.00
2010 04 26 01 50 203 13.3 16.4  3.09  7.69  5.72 999 1004.7  22.6  22.9  20.3 99.0 99.00
2010 04 26 02 50 209 13.9 17.4  3.04  7.69  5.68 999 1004.6  22.6  22.9  20.4 99.0 99.00
2010 04 26 03 50 208 15.0 18.8  3.23  7.69  5.71 999 1003.8  22.8  22.9  20.7 99.0 99.00
2010 04 26 04 50 205 14.8 18.2  3.35  7.69  5.84 999 1002.9  22.8  22.9  20.8 99.0 99.00
2010 04 26 05 50 203 13.9 17.0  3.24  8.33  6.00 999 1001.9  22.8  22.8  21.0 99.0 99.00
2010 04 26 06 50 199 12.3 15.3  3.09  8.33  5.90 999 1000.5  23.1  22.8  21.0 99.0 99.00
2010 04 26 07 50 212 10.9 12.9  2.78  7.14  5.69 999  999.8  23.2  22.8  20.8 99.0 99.00
2010 04 26 08 50 233 12.2 15.0  2.75  7.69  5.96 999  999.8  23.9  22.8  19.2 99.0 99.00
2010 04 26 09 50 237 12.1 14.4  3.05  8.33  6.26 999  999.5  24.1  22.8  18.9 99.0 99.00
2010 04 26 10 50 227 13.5 16.3  2.91  9.09  5.97 999  999.7  24.0  22.8  18.3 99.0 99.00
2010 04 26 11 50 218 12.2 16.2  4.25 10.00  7.23 999 1000.6  23.6  22.8  18.9 99.0 99.00
2010 04 26 12 50 219 10.6 13.3  4.49  9.09  7.53 999 1000.3  23.1  22.8  19.5 99.0 99.00
2010 04 26 13 50 216  9.9 12.3  4.15 10.00  7.45 999 1000.4  22.9  22.8  19.9 99.0 99.00
2010 04 26 14 50 232 11.7 14.4  3.44 10.00  6.81 999 1000.0  23.0  22.8  20.0 99.0 99.00
2010 04 26 15 50 236 10.7 12.6  3.30  9.09  6.62 999  999.7  23.1  22.8  19.3 99.0 99.00
2010 04 26 16 50 232  9.8 12.0  2.91  8.33  6.21 999  998.9  23.1  22.9  19.9 99.0 99.00
2010 04 26 17 50 219 10.5 13.1  3.07  9.09  6.40 999  999.0  22.7  23.0  20.6 99.0 99.00
2010 04 26 18 50 216 11.0 13.6  3.12  9.09  6.34 999  998.0  22.5  23.0  20.3 99.0 99.00
2010 04 26 19 50 211 11.5 13.7  2.93  9.09  6.15 999  997.6  22.6  23.1  20.5 99.0 99.00
2010 04 26 20 50 212 11.9 14.3  3.13  9.09  6.29 999  997.3  22.6  23.1  20.4 99.0 99.00
2010 04 26 21 50 220 13.0 15.6  3.16  9.09  6.31 999  997.0  22.7  23.2  20.1 99.0 99.00
2010 04 26 22 50 221 11.7 14.1  3.17  9.09  6.29 999  996.9  22.7  23.3  20.3 99.0 99.00
2010 04 26 23 50 222 11.7 13.9  3.36  9.09  6.52 999  997.1  22.8  23.4  20.3 99.0 99.00
2010 04 27 00 50 230 11.5 14.4  3.09  9.09  6.36 999  997.8  22.9  23.5  20.1 99.0 99.00
2010 04 27 01 50 238 12.3 14.3  3.22  8.33  6.35 999  998.3  23.2  23.5  19.4 99.0 99.00
2010 04 27 02 50 233 10.8 14.2  3.11  9.09  6.32 999  997.7  23.1  23.6  19.8 99.0 99.00
2010 04 27 03 50 283 12.4 17.3  3.14  8.33  6.38 999  999.2  20.4  23.7  17.0 99.0 99.00
2010 04 27 04 50 243 12.1 14.4  3.13  8.33  6.35 999  998.6  22.6  23.8  16.8 99.0 99.00
2010 04 27 05 50 271 10.9 13.4  3.14  8.33  6.33 999  998.8  23.5  23.8  17.2 99.0 99.00
2010 04 27 06 50 273 10.9 14.0  2.91  8.33  6.24 999  998.6  23.5  23.9  16.3 99.0 99.00
2010 04 27 07 50 276 12.6 15.1  3.36  7.69  6.35 999  998.6  23.0  23.9  15.9 99.0 99.00
2010 04 27 08 50 271 12.3 15.2  3.17  8.33  6.26 999  999.0  22.2  23.9  15.0 99.0 99.00
2010 04 27 09 50 270 12.3 15.4  3.09  9.09  6.20 999  999.4  21.9  23.9  14.9 99.0 99.00
2010 04 27 10 50 269 12.7 15.7  3.14  7.69  6.21 999 1000.1  21.6  23.9  14.6 99.0 99.00
2010 04 27 11 50 267 12.3 14.2  3.21  8.33  6.26 999 1001.1  21.4  23.9  14.7 99.0 99.00
2010 04 27 12 50 271 11.6 13.9  3.03  8.33  6.14 999 1001.4  21.3  23.9  14.8 99.0 99.00
2010 04 27 13 50 261 12.4 14.5  3.14  8.33  6.17 999 1001.9  21.3  24.0  14.9 99.0 99.00
2010 04 27 14 50 264 11.4 13.5  3.11  8.33  6.22 999 1002.3  21.3  24.0  15.1 99.0 99.00
2010 04 27 15 50 261 12.3 14.8  2.98  8.33  6.17 999 1002.6  21.4  24.0  15.2 99.0 99.00
2010 04 27 16 50 252 13.5 16.6  3.06  8.33  6.14 999 1002.3  21.5  24.0  15.4 99.0 99.00
2010 04 27 17 50 247 13.6 16.6  3.12  7.69  6.17 999 1001.9  21.6  24.0  15.5 99.0 99.00
2010 04 27 18 50 248 13.6 16.6  3.00  8.33  6.09 999 1001.9  21.5  24.0  15.6 99.0 99.00
2010 04 27 19 50 250 13.3 16.1  3.50  8.33  6.27 999 1001.6  21.5  24.0  15.7 99.0 99.00
2010 04 27 20 50 248 12.9 16.3  3.35  7.69  6.24 999 1001.7  21.7  24.0  15.8 99.0 99.00
2010 04 27 21 50 249 13.3 15.4  3.20  8.33  6.24 999 1002.2  22.0  24.0  15.8 99.0 99.00
2010 04 27 22 50 254 12.5 17.1  3.13  7.69  6.05 999 1002.5  22.2  23.9  15.7 99.0 99.00
2010 04 27 23 50 259 12.4 15.4  3.17  7.69  6.29 999 1002.6  22.3  23.9  15.2 99.0 99.00
2010 04 28 00 50 255 12.1 15.3  3.26  8.33  6.35 999 1002.7  22.4  23.9  15.0 99.0 99.00
2010 04 28 01 50 256 11.0 13.5  3.29  8.33  6.44 999 1002.9  22.6  23.8  15.7 99.0 99.00
2010 04 28 02 50 277 11.4 14.3  3.25  7.69  6.49 999 1001.8  22.5  23.8  14.4 99.0 99.00
2010 04 28 03 50 266 12.6 16.5  3.58  8.33  6.47 999 1002.7  18.9  23.7  13.6 99.0 99.00
2010 04 28 04 50 277 11.2 14.5  3.65  8.33  6.68 999 1002.4  18.1  23.7  14.8 99.0 99.00
2010 04 28 05 50 257 10.0 13.2  3.38  7.69  6.64 999 1002.1  18.9  23.6  14.3 99.0 99.00
2010 04 28 06 50 289  8.5 11.7  3.22  8.33  6.69 999 1001.7  18.8  23.6  13.5 99.0 99.00
2010 04 28 07 50 292 15.1 18.1  3.31  8.33  6.50 999 1001.2  19.9  23.5  12.6 99.0 99.00
2010 04 28 08 50 291 14.5 18.2  3.76  8.33  6.41 999 1002.3  19.1  23.4  11.5 99.0 99.00
2010 04 28 09 50 293 14.7 19.3  3.41  8.33  6.30 999 1003.2  18.9  23.2  11.8 99.0 99.00
2010 04 28 10 50 292 14.1 17.9  3.72  9.09  6.55 999 1004.7  18.8  23.1  11.9 99.0 99.00
2010 04 28 11 50 295 13.3 16.1  3.62  7.69  6.35 999 1006.2  19.0  23.0  11.9 99.0 99.00
2010 04 28 12 50 309 11.5 14.6  3.47  9.09  6.48 999 1007.8  18.8  22.9  11.8 99.0 99.00
2010 04 28 13 50 310  9.7 12.6  3.43  8.33  6.61 999 1008.6  18.8  22.9  11.7 99.0 99.00
2010 04 28 14 50 321  6.8  9.2  2.95  9.09  6.53 999 1010.0  18.5  22.8  11.7 99.0 99.00
2010 04 28 15 50 338  8.4 10.6  2.76  7.69  6.27 999 1010.6  18.2  22.6  11.1 99.0 99.00
2010 04 28 16 50 338  7.1  9.2  2.63  7.14  6.23 999 1011.2  18.3  22.5  10.4 99.0 99.00
2010 04 28 17 50 347  6.9  8.9  2.36  7.69  6.27 999 1011.4  18.4  22.3   9.5 99.0 99.00
2010 04 28 18 50 328  6.0  8.5  2.09  7.14  6.18 999 1011.9  18.3  22.3   9.0 99.0 99.00
2010 04 28 19 50 312  5.6  7.9  2.18  7.14  6.44 999 1012.1  18.5  22.4   8.7 99.0 99.00
2010 04 28 20 50 302  5.3  7.5  2.27  7.69  6.44 999 1012.2  18.6  22.4   8.5 99.0 99.00
2010 04 28 21 50 290  6.4  8.7  2.23  7.14  6.30 999 1012.8  18.9  22.4   8.2 99.0 99.00
2010 04 28 22 50 287  6.0  8.4  2.04  7.14  6.09 999 1013.3  18.6  22.4   7.4 99.0 99.00
2010 04 28 23 50 293  7.4  9.6  2.11  7.14  6.20 999 1013.9  18.4  22.4   8.1 99.0 99.00
2010 04 29 00 50 289  7.3 10.1  1.93  7.14  5.90 999 1014.6  18.3  22.4   8.0 99.0 99.00
2010 04 29 01 50 293  6.8  9.2  1.68  7.69  5.56 999 1015.4  18.2  22.4   8.1 99.0 99.00
2010 04 29 02 50 294  6.5  8.1  1.58  7.14  5.68 999 1015.9  18.2  22.5   7.3 99.0 99.00
2010 04 29 03 50 293  5.4  7.4  1.66  7.69  5.73 999 1016.2  18.3  22.5   7.1 99.0 99.00
2010 04 29 04 50 288  5.4  7.0  1.62  6.67  5.73 999 1016.6  18.6  22.6   8.0 99.0 99.00
2010 04 29 05 50 328  4.2  6.0  1.64  7.69  5.78 999 1016.4  19.0  22.7   6.7 99.0 99.00
2010 04 29 06 50 298  4.4  5.4  1.53  6.67  5.55 999 1015.9  19.4  22.7   5.7 99.0 99.00
2010 04 29 07 50 313  6.3  7.7  1.54  8.33  5.68 999 1016.1  19.7  22.7   6.3 99.0 99.00
2010 04 29 08 50 291  6.5  8.2  1.59  8.33  5.67 999 1016.4  19.6  22.7   8.4 99.0 99.00
2010 04 29 09 50 295  6.3  7.9  1.67  7.69  5.67 999 1017.1  19.5  22.7   8.1 99.0 99.00
2010 04 29 10 50 316  6.1  8.0  1.49  8.33  5.52 999 1017.6  19.7  22.6   7.1 99.0 99.00
2010 04 29 11 50 318  4.2  6.1  1.58  7.69  5.63 999 1018.3  19.7  22.6   5.6 99.0 99.00
2010 04 29 12 50 330  3.2  4.7  1.62  6.67  5.75 999 1019.1  19.7  22.7   4.6 99.0 99.00
2010 04 29 13 50 290  3.0  4.5  1.50  7.69  5.71 999 1019.6  19.7  22.7   4.9 99.0 99.00
2010 04 29 14 50 267  2.4  3.5  1.47  7.14  5.87 999 1019.9  19.8  22.7   4.2 99.0 99.00
2010 04 29 15 50 295  1.7  2.8  1.38  7.14  5.86 999 1020.0  19.9  22.9   4.7 99.0 99.00
2010 04 29 16 50 300  1.8  3.3  1.40  8.33  5.96 999 1019.7  19.9  23.1   4.5 99.0 99.00
2010 04 29 17 50 270  1.6  3.2  1.27  7.69  5.96 999 1019.5  20.1  23.3   3.8 99.0 99.00
2010 04 29 18 50 306  1.8  3.2  1.24  8.33  6.03 999 1019.2  20.3  23.4   4.6 99.0 99.00
2010 04 29 19 50 257  2.0  3.3  1.16  7.69  6.26 999 1018.9  20.4  23.4   4.7 99.0 99.00
2010 04 29 20 50 242  1.3  3.7  1.09  8.33  5.98 999 1018.5  20.7  23.4   4.3 99.0 99.00
2010 04 29 21 50 275  2.2  3.3  1.05  8.33  6.13 999 1018.3  20.6  23.3   3.8 99.0 99.00
2010 04 29 22 50 230  2.5  3.6  0.98  8.33  6.04 999 1018.3  20.6  23.2   4.4 99.0 99.00
2010 04 29 23 50 237  2.4  4.9  0.88  8.33  6.06 999 1018.4  20.4  23.1   5.4 99.0 99.00
2010 04 30 00 50 249  3.6  4.9  0.84  8.33  5.94 999 1018.9  20.4  23.1   5.7 99.0 99.00
2010 04 30 01 50 249  3.9  5.4  0.83  8.33  6.03 999 1019.3  20.5  23.0   6.1 99.0 99.00
2010 04 30 02 50 234  3.9  5.2  0.81  7.69  6.20 999 1019.7  20.4  22.9   6.0 99.0 99.00
2010 04 30 03 50 239  4.4  6.6  0.77  8.33  6.09 999 1019.8  20.4  22.9   7.7 99.0 99.00
2010 04 30 04 50 216  5.9  7.5  0.62  7.14  5.25 999 1019.6  20.3  22.9   9.8 99.0 99.00
2010 04 30 05 50 226  6.2  8.2  0.64  8.33  5.22 999 1019.6  20.3  23.0  10.9 99.0 99.00
2010 04 30 06 50 229  6.0  7.6  0.66  7.69  4.68 999 1019.2  20.1  23.0  10.7 99.0 99.00
2010 04 30 07 50 226  5.6  6.9  0.66  7.14  4.33 999 1019.4  20.0  23.0  10.1 99.0 99.00
2010 04 30 08 50 246  5.1  7.1  0.67  8.33  4.40 999 1019.8  20.0  22.9  10.0 99.0 99.00
2010 04 30 09 50 233  5.1  6.6  0.71  7.14  4.87 999 1019.9  19.9  22.9  10.3 99.0 99.00
2010 04 30 10 50 222  5.7  7.7  0.71  7.69  4.95 999 1020.5  20.1  22.8  10.1 99.0 99.00
2010 04 30 11 50 225  4.1  5.4  0.63  7.14  4.68 999 1020.6  20.1  22.6   9.6 99.0 99.00
2010 04 30 12 50 231  3.5  5.1  0.61  7.69  4.67 999 1020.8  20.2  22.5  10.7 99.0 99.00
2010 04 30 13 50 227  4.6  5.8  0.65  7.14  5.06 999 1020.7  20.5  22.4  11.3 99.0 99.00
2010 04 30 14 50 222  3.8  5.5  0.59  7.69  4.69 999 1020.6  20.5  22.5  11.7 99.0 99.00
2010 04 30 15 50 220  4.0  5.7  0.54  6.67  4.65 999 1020.6  20.6  22.6  11.9 99.0 99.00
2010 04 30 16 50 209  3.9  6.0  0.54  6.25  4.62 999 1020.1  20.8  22.7  12.5 99.0 99.00
2010 04 30 17 50 205  4.8  6.3  0.49  7.14  4.52 999 1019.5  20.9  22.7  12.9 99.0 99.00
2010 04 30 18 50 211  5.3  6.6  0.48  7.14  4.10 999 1019.4  21.1  22.7  13.3 99.0 99.00
2010 04 30 19 50 211  5.9  7.3  0.46  6.25  3.73 999 1019.0  21.3  22.8  14.1 99.0 99.00
2010 04 30 20 50 208  6.1  7.4  0.52  6.25  3.76 999 1018.6  21.3  22.8  14.2 99.0 99.00
2010 04 30 21 50 201  6.6  8.1  0.54  3.33  3.49 999 1018.6  21.5  22.8  14.4 99.0 99.00
2010 04 30 22 50 201  6.9  8.2  0.58  3.23  3.47 999 1018.5  21.5  22.7  14.7 99.0 99.00
2010 04 30 23 50 195  6.7  8.0  0.63  3.70  3.53 999 1018.3  21.5  22.7  15.1 99.0 99.00
2010 05 01 00 50 203  7.1  8.6  0.66  3.33  3.42 999 1018.7  21.6  22.6  14.8 99.0 99.00
2010 05 01 01 50 201  7.6  8.8  0.69  3.70  3.38 999 1019.4  21.6  22.6  15.4 99.0 99.00
2010 05 01 02 50 205  7.0  8.2  0.68  3.70  3.45 999 1019.4  21.6  22.6  15.6 99.0 99.00
2010 05 01 03 50 198  6.0  6.9  0.67  3.70  3.49 999 1019.3  21.6  22.6  16.2 99.0 99.00
2010 05 01 04 50 212  6.0  7.0  0.70  3.57  3.57 999 1018.9  21.6  22.6  15.8 99.0 99.00
2010 05 01 05 50 213  5.1  6.5  0.66  3.85  3.47 999 1019.0  21.6  22.6  16.0 99.0 99.00
2010 05 01 06 50 197  6.4  7.3  0.72  3.70  3.58 999 1018.2  21.5  22.6  17.3 99.0 99.00
2010 05 01 07 50 216  6.1  7.2  0.67  3.85  3.45 999 1018.2  21.6  22.6  16.6 99.0 99.00
2010 05 01 08 50 227  5.8  7.0  0.64  3.85  3.49 999 1018.4  21.7  22.6  16.6 99.0 99.00
2010 05 01 09 50 238  6.4  7.7  0.62  3.57  3.62 999 1018.8  21.8  22.7  17.1 99.0 99.00
2010 05 01 10 50 240  5.3  6.1  0.63  4.35  3.67 999 1018.9  21.8  22.7  17.9 99.0 99.00
2010 05 01 11 50 241  4.9  5.9  0.60  4.35  3.77 999 1019.5  21.9  22.7  17.9 99.0 99.00
2010 05 01 12 50 230  4.9  5.9  0.65  4.35  3.88 999 1019.9  22.0  22.8  18.1 99.0 99.00
2010 05 01 13 50 239  5.5  6.2  0.69  4.55  3.97 999 1020.3  22.0  22.8  18.6 99.0 99.00
2010 05 01 14 50 228  5.7  6.7  0.77  5.00  4.15 999 1020.3  22.1  22.8  18.6 99.0 99.00
2010 05 01 15 50 228  5.4  6.2  0.91  5.00  4.34 999 1020.0  22.2  22.9  18.7 99.0 99.00
2010 05 01 16 50 216  5.1  5.7  0.88  5.88  4.41 999 1019.8  22.3  23.0  18.7 99.0 99.00
2010 05 01 17 50 215  5.3  6.2  0.87  5.56  4.36 999 1019.7  22.4  23.1  18.9 99.0 99.00
2010 05 01 18 50 214  5.6  6.5  0.92  5.88  4.54 999 1019.7  22.5  23.1  19.0 99.0 99.00
2010 05 01 19 50 198  5.4  6.3  0.86  5.56  4.38 999 1019.1  22.5  23.2  18.8 99.0 99.00
2010 05 01 20 50 196  6.8  7.8  0.85  5.88  4.47 999 1018.8  22.6  23.2  19.1 99.0 99.00
2010 05 01 21 50 203  6.6  7.4  0.84  6.25  4.36 999 1018.7  22.7  23.3  19.4 99.0 99.00
2010 05 01 22 50 203  7.0  8.2  0.92  5.56  4.27 999 1018.9  22.7  23.3  19.3 99.0 99.00
2010 05 01 23 50 200  7.7  9.0  0.86  5.56  4.12 999 1019.1  22.5  23.3  19.0 99.0 99.00
2010 05 02 00 50 194  7.4  8.5  0.86  5.88  4.02 999 1019.4  22.5  23.3  19.2 99.0 99.00
2010 05 02 01 50 194  7.6  8.8  0.96  5.88  4.34 999 1019.9  22.5  23.4  19.4 99.0 99.00
2010 05 02 02 50 195  7.9  9.2  0.95  5.88  4.13 999 1019.9  22.4  23.4  19.5 99.0 99.00
2010 05 02 03 50 192  7.4  9.0  1.03  5.56  4.23 999 1020.0  22.4  23.4  19.3 99.0 99.00
2010 05 02 04 50 191  8.1  9.0  1.04  5.88  4.24 999 1019.8  22.4  23.4  19.1 99.0 99.00
2010 05 02 05 50 195  8.1  9.0  0.94  5.26  4.06 999 1019.3  22.3  23.2  19.3 99.0 99.00
2010 05 02 06 50 187  7.8  8.8  0.94  5.26  3.95 999 1018.7  22.3  23.3  19.7 99.0 99.00
2010 05 02 07 50 186  8.1  9.1  1.12  5.56  4.11 999 1018.7  22.2  23.3  19.6 99.0 99.00
2010 05 02 08 50 192  8.2  9.7  1.07  5.56  4.01 999 1018.9  22.2  23.2  19.5 99.0 99.00
2010 05 02 09 50 189  7.9  9.2  0.98  5.26  3.88 999 1019.1  22.1  23.1  19.5 99.0 99.00
2010 05 02 10 50 190  7.3  8.4  1.06  4.55  4.06 999 1019.6  22.2  23.1  19.7 99.0 99.00
2010 05 02 11 50 194  7.2  8.3  1.00  5.00  3.91 999 1020.2  22.3  23.0  19.7 99.0 99.00
2010 05 02 12 50 190  7.4  8.5  0.99  4.55  3.96 999 1020.3  22.3  22.9  19.9 99.0 99.00
2010 05 02 13 50 197  6.7  8.0  0.95  4.55  3.96 999 1020.7  22.4  23.0  20.0 99.0 99.00
2010 05 02 14 50 193  6.5  7.4  0.93  5.26  4.04 999 1021.1  22.4  23.0  20.0 99.0 99.00
2010 05 02 15 50 192  6.5  7.3  0.91  5.00  4.15 999 1021.3  22.6  23.1  20.4 99.0 99.00
2010 05 02 16 50 189  6.9  8.0  0.89  5.88  4.14 999 1021.1  22.6  23.1  20.2 99.0 99.00
2010 05 02 17 50 185  7.4  8.5  0.93  6.25  4.27 999 1020.6  22.6  23.2  20.2 99.0 99.00
2010 05 02 18 50 186  7.6  8.8  0.93  5.88  4.20 999 1020.3  22.7  23.5  20.5 99.0 99.00
2010 05 02 19 50 188  7.5  8.8  1.06  6.25  4.24 999 1020.1  22.8  23.5  20.5 99.0 99.00
2010 05 02 20 50 191  7.3  8.2  1.15  5.56  4.30 999 1019.8  22.9  23.5  20.6 99.0 99.00
2010 05 02 21 50 193  7.2  8.3  1.13  5.26  4.37 999 1020.0  23.0  23.6  20.6 99.0 99.00
2010 05 02 22 50 194  7.5  8.6  1.26  5.26  4.40 999 1020.1  23.0  23.6  20.5 99.0 99.00
2010 05 02 23 50 194  7.2  8.7  1.25  5.26  4.42 999 1020.4  22.9  23.6  20.6 99.0 99.00
2010 05 03 00 50 193  7.4  8.7  1.24  5.00  4.43 999 1020.7  22.9  23.5  20.6 99.0 99.00
2010 05 03 01 50 188  7.0  8.2  1.21  5.26  4.35 999 1021.3  22.9  23.5  20.7 99.0 99.00
2010 05 03 02 50 194  7.4  8.7  1.19  4.55  4.40 999 1021.1  22.9  23.5  20.7 99.0 99.00
2010 05 03 03 50 193  7.8  9.3  1.18  5.56  4.41 999 1020.8  22.8  23.5  20.5 99.0 99.00
2010 05 03 04 50 197  7.5  8.9  1.20  5.26  4.45 999 1020.6  22.8  23.4  20.8 99.0 99.00
2010 05 03 05 50 191  8.8 10.3  1.19  5.26  4.34 999 1019.6  22.7  23.4  20.6 99.0 99.00
2010 05 03 06 50 197  8.3  9.8  1.25  5.26  4.27 999 1019.1  22.7  23.3  20.6 99.0 99.00
2010 05 03 07 50 197  8.8 10.2  1.31  5.88  4.31 999 1018.7  22.7  23.3  20.4 99.0 99.00
2010 05 03 08 50 200  9.0 10.1  1.38  5.26  4.27 999 1018.7  22.6  23.3  20.1 99.0 99.00
2010 05 03 09 50 192  8.4  9.9  1.31  5.88  4.25 999 1018.7  22.6  23.2  20.1 99.0 99.00
2010 05 03 10 50 189  8.2  9.8  1.39  5.88  4.36 999 1019.2  22.7  23.2  20.2 99.0 99.00
2010 05 03 11 50 192  9.0 10.6  1.40  5.56  4.36 999 1019.7  22.8  23.2  20.0 99.0 99.00
2010 05 03 12 50 192  8.8 10.3  1.47  5.88  4.43 999 1019.9  22.8  23.2  19.9 99.0 99.00
2010 05 03 13 50 196  8.4  9.9  1.36  5.26  4.42 999 1020.0  22.8  23.3  20.1 99.0 99.00
2010 05 03 14 50 202  7.4  9.0  1.43  5.56  4.54 999 1020.2  22.9  23.3  20.3 99.0 99.00
2010 05 03 15 50 196  8.7 10.4  1.40  5.88  4.49 999 1020.0  22.9  23.4  20.2 99.0 99.00
2010 05 03 16 50 196  9.1 10.6  1.46  5.26  4.57 999 1019.5  22.9  23.5  20.1 99.0 99.00
2010 05 03 17 50 201  9.4 10.7  1.56  5.56  4.64 999 1019.3  23.0  23.6  20.3 99.0 99.00
2010 05 03 18 50 212  8.8 10.4  1.54  5.56  4.80 999 1019.7  23.1  23.6  20.3 99.0 99.00
2010 05 03 19 50 220  7.6  8.7  1.46  5.56  4.61 999 1019.7  23.2  23.6  20.5 99.0 99.00
2010 05 03 20 50 215  8.4  9.6  1.46  5.56  4.76 999 1019.2  23.2  23.7  20.3 99.0 99.00
2010 05 03 21 50 215  8.1  9.3  1.56  6.25  4.88 999 1019.3  23.3  23.7  20.5 99.0 99.00
2010 05 03 22 50 211  7.8  9.4  1.44  5.88  4.79 999 1018.9  23.2  23.7  20.5 99.0 99.00
2010 05 03 23 50 205  7.5  8.8  1.34  6.67  4.69 999 1018.7  23.1  23.7  20.7 99.0 99.00
2010 05 04 00 50 200  8.3  9.4  1.43  6.25  4.87 999 1018.9  23.0  23.7  20.7 99.0 99.00
2010 05 04 01 50 200  7.5  9.2  1.50  6.67  4.88 999 1019.0  23.1  23.7  20.9 99.0 99.00
2010 05 04 02 50 204  8.6 10.1  1.44  5.88  4.75 999 1018.7  23.0  23.7  20.8 99.0 99.00
2010 05 04 03 50 198  9.6 11.1  1.54  5.88  4.71 999 1018.1  23.0  23.7  20.8 99.0 99.00
2010 05 04 04 50 197 10.5 12.8  1.65  5.26  4.74 999 1017.9  22.9  23.6  20.7 99.0 99.00
2010 05 04 05 50 201 11.6 13.4  1.74  5.26  4.61 999 1017.0  22.9  23.6  20.4 99.0 99.00
2010 05 04 06 50 206 10.7 12.6  1.90  5.56  4.78 999 1016.9  22.9  23.6  20.3 99.0 99.00
2010 05 04 07 50 203 10.9 12.5  1.92  5.88  4.89 999 1016.4  22.8  23.5  20.2 99.0 99.00
2010 05 04 08 50 209 11.4 13.5  2.08  6.25  4.99 999 1016.0  22.7  23.5  19.9 99.0 99.00
2010 05 04 09 50 217 10.7 12.9  2.17  5.88  5.12 999 1016.2  22.8  23.5  20.1 99.0 99.00
2010 05 04 10 50 223 10.1 11.7  2.07  6.25  4.92 999 1016.9  22.9  23.5  19.5 99.0 99.00
2010 05 04 11 50 212 10.0 11.7  2.09  5.88  5.03 999 1016.6  22.9  23.4  19.7 99.0 99.00
2010 05 04 12 50 217 10.8 12.7  2.14  6.67  5.17 999 1016.7  22.9  23.4  19.5 99.0 99.00
2010 05 04 13 50 229  9.6 12.0  2.12  6.25  5.04 999 1016.8  23.0  23.5  20.0 99.0 99.00
2010 05 04 14 50 231  8.9 10.6  2.04  6.25  4.98 999 1017.1  23.1  23.5  20.3 99.0 99.00
2010 05 04 15 50 229  8.1  9.6  1.85  6.25  4.93 999 1017.0  23.2  23.5  20.2 99.0 99.00
2010 05 04 16 50 217  7.2  8.3  1.90  5.88  5.14 999 1016.1  23.1  23.6  20.3 99.0 99.00
2010 05 04 17 50 209  8.1 10.0  1.76  6.25  4.89 999 1015.7  23.3  23.7  20.0 99.0 99.00
2010 05 04 18 50 212  7.9  9.2  1.77  6.25  5.00 999 1015.5  23.3  23.7  20.4 99.0 99.00
2010 05 04 19 50 210  9.1 10.7  1.80  7.14  5.12 999 1014.8  23.1  23.7  20.6 99.0 99.00
2010 05 04 20 50 208  8.4  9.9  1.73  6.67  4.96 999 1014.6  23.1  23.7  20.8 99.0 99.00
2010 05 04 21 50 209  8.8 11.0  1.83  6.67  5.14 999 1014.3  23.1  23.7  21.0 99.0 99.00
2010 05 04 22 50 212  8.5 10.4  1.87  6.67  5.09 999 1013.9  23.1  23.7  21.1 99.0 99.00
2010 05 04 23 50 234  6.9  8.5  1.89  6.25  5.07 999 1014.8  23.0  23.6  21.2 99.0 99.00
2010 05 05 00 50 213  3.3  4.2  1.80  5.88  5.17 999 1015.6  21.9  23.6  21.0 99.0 99.00
2010 05 05 01 50 188  3.3  4.1  1.71  5.88  5.16 999 1016.0  22.3  23.6  21.0 99.0 99.00
2010 05 05 02 50 175  2.9  3.5  1.59  6.25  5.10 999 1015.9  22.4  23.6  21.2 99.0 99.00
2010 05 05 03 50 218  3.1  3.9  1.71  5.88  5.10 999 1016.2  22.8  23.6  21.7 99.0 99.00
2010 05 05 04 50 303  5.5  7.0  1.42  6.25  5.00 999 1016.3  22.6  23.6  19.7 99.0 99.00
2010 05 05 05 50 335  1.5  2.0  1.47  6.67  5.17 999 1016.3  20.9  23.5  17.6 99.0 99.00
2010 05 05 06 50  97  4.4  5.5  1.38  6.67  5.29 999 1015.3  21.2  23.4  17.4 99.0 99.00
2010 05 05 07 50  74  4.1  5.0  1.29  6.67  5.44 999 1014.7  22.0  23.4  18.6 99.0 99.00
2010 05 05 08 50  43  4.4  5.2  1.24  6.67  5.44 999 1015.2  22.5  23.4  19.2 99.0 99.00
2010 05 05 09 50  55  4.2  5.1  1.10  6.25  5.28 999 1015.7  22.3  23.4  19.4 99.0 99.00
2010 05 05 10 50  44  3.7  5.1  1.06  6.25  5.23 999 1016.5  22.6  23.3  20.6 99.0 99.00
2010 05 05 11 50  19  4.4  5.1  1.05  5.88  5.19 999 1016.7  22.3  23.3  19.8 99.0 99.00
2010 05 05 12 50  12  4.6  5.5  1.04  6.25  4.97 999 1016.6  22.1  23.2  19.1 99.0 99.00
2010 05 05 13 50  90  5.6  6.4  0.97  6.25  4.87 999 1016.6  22.2  23.2  19.6 99.0 99.00
2010 05 05 14 50  77  7.0  8.2  1.02  5.88  4.51 999 1017.1  21.3  23.2  19.9 99.0 99.00
2010 05 05 15 50 102  9.7 11.8  1.04  6.25  4.23 999 1016.8  20.6  23.2  19.7 99.0 99.00
2010 05 05 16 50 115  5.3  6.6  1.11  4.76  4.29 999 1017.1  20.6  23.2  19.9 99.0 99.00
2010 05 05 17 50 110  6.3  7.1  0.98  6.25  4.31 999 1016.8  21.2  23.2  20.2 99.0 99.00
2010 05 05 18 50 111  5.5  6.4  1.00  5.88  4.48 999 1016.3  21.8  23.2  20.3 99.0 99.00
2010 05 05 19 50 104  5.4  6.2  0.99  5.88  4.62 999 1015.9  22.0  23.2  20.6 99.0 99.00
2010 05 05 20 50 147  4.5  5.2  0.96  5.88  4.69 999 1015.8  22.8  23.2  21.2 99.0 99.00
2010 05 05 21 50 169  5.1  5.9  0.91  5.88  4.65 999 1015.7  22.8  23.2  21.1 99.0 99.00
2010 05 05 22 50 175  5.3  6.0  0.98  6.25  4.65 999 1015.7  22.8  23.2  21.1 99.0 99.00
2010 05 05 23 50 210  5.0  6.1  0.80  5.88  4.39 999 1016.1  21.6  23.1  20.2 99.0 99.00
2010 05 06 00 50 179  2.1  2.7  0.82  5.56  4.47 999 1016.4  22.2  23.1  21.0 99.0 99.00
2010 05 06 01 50 161  3.3  4.0  0.77  5.56  4.48 999 1016.8  22.8  23.0  20.2 99.0 99.00
2010 05 06 02 50 159  4.1  5.1  0.82  5.26  4.74 999 1016.6  23.0  23.0  20.3 99.0 99.00
2010 05 06 03 50 160  5.4  6.6  0.87  5.56  4.70 999 1016.3  22.8  23.0  20.9 99.0 99.00
2010 05 06 04 50 162  5.7  6.4  0.85  5.56  4.50 999 1015.7  22.7  23.0  21.0 99.0 99.00
2010 05 06 05 50 167  5.6  6.7  0.89  5.56  4.59 999 1015.0  22.8  23.0  20.8 99.0 99.00
2010 05 06 06 50 177  5.8  6.7  0.80  5.56  4.35 999 1014.3  22.6  23.0  21.1 99.0 99.00
2010 05 06 07 50 174  6.1  7.2  0.89  5.56  4.34 999 1014.2  22.6  23.0  21.2 99.0 99.00
2010 05 06 08 50 181  4.3  5.0  0.85  5.88  4.41 999 1014.3  22.8  23.0  21.7 99.0 99.00
2010 05 06 09 50 209  4.4  5.2  0.84  5.56  4.49 999 1014.3  22.9  23.0  21.8 99.0 99.00
2010 05 06 10 50 202  5.3  6.1  0.87  6.25  4.54 999 1014.8  22.9  23.0  21.7 99.0 99.00
2010 05 06 11 50 197  4.7  5.5  0.86  6.25  4.49 999 1014.8  23.0  23.0  21.6 99.0 99.00
2010 05 06 12 50 202  5.3  6.0  0.88  6.67  4.61 999 1014.9  23.0  23.0  21.7 99.0 99.00
2010 05 06 13 50 210  5.0  5.8  0.86  5.88  4.53 999 1014.8  23.0  23.1  21.8 99.0 99.00
2010 05 06 14 50 214  3.9  4.8  0.85  6.25  4.64 999 1015.0  23.2  23.2  22.0 99.0 99.00
2010 05 06 15 50 218  4.3  5.2  0.80  6.25  4.63 999 1014.9  23.3  23.4  22.1 99.0 99.00
2010 05 06 16 50 209  4.6  5.2  0.77  6.25  4.82 999 1014.8  23.4  23.5  22.2 99.0 99.00
2010 05 06 17 50 203  5.3  6.0  0.74  6.67  4.82 999 1014.3  23.4  23.6  22.2 99.0 99.00
2010 05 06 18 50 221  5.3  6.5  0.70  6.67  4.42 999 1013.9  23.5  23.6  22.2 99.0 99.00
2010 05 06 19 50 225  5.5  6.7  0.71  6.25  4.16 999 1013.5  23.7  23.5  22.2 99.0 99.00
2010 05 06 20 50 232  5.7  6.6  0.73  6.67  4.24 999 1012.9  23.8  23.6  22.3 99.0 99.00
2010 05 06 21 50 241  4.7  5.4  0.72  7.14  4.27 999 1012.9  23.9  23.6  22.2 99.0 99.00
2010 05 06 22 50 233  4.8  5.4  0.72  7.69  4.24 999 1013.0  23.8  23.7  22.3 99.0 99.00
2010 05 06 23 50 247  4.5  5.1  0.69  6.25  4.35 999 1013.5  23.6  23.7  22.4 99.0 99.00
2010 05 07 00 50 254  3.9  4.4  0.65  6.25  4.51 999 1014.2  23.6  23.6  22.4 99.0 99.00
2010 05 07 01 50 262  3.6  4.2  0.64  8.33  4.64 999 1014.7  23.6  23.5  22.0 99.0 99.00
2010 05 07 02 50 267  3.5  4.2  0.63  8.33  4.88 999 1015.0  23.5  23.3  21.7 99.0 99.00
2010 05 07 03 50 258  3.4  4.1  0.64  6.25  5.09 999 1015.1  23.5  23.4  21.3 99.0 99.00
2010 05 07 04 50 256  3.4  3.8  0.60  7.69  5.18 999 1014.9  23.5  23.5  21.3 99.0 99.00
2010 05 07 05 50 248  3.2  3.8  0.66  8.33  5.30 999 1014.6  23.4  23.5  21.5 99.0 99.00
2010 05 07 06 50 244  3.0  3.5  0.60  7.69  5.07 999 1014.4  23.4  23.4  21.6 99.0 99.00
2010 05 07 07 50 238  2.8  3.5  0.61  6.67  5.07 999 1014.5  23.3  23.3  21.8 99.0 99.00
2010 05 07 08 50 227  3.0  3.7  0.60  6.25  5.02 999 1014.7  23.3  23.3  22.0 99.0 99.00
2010 05 07 09 50 210  2.6  3.2  0.64  5.26  5.01 999 1015.3  23.1  23.3  22.1 99.0 99.00
2010 05 07 10 50 222  3.1  3.6  0.62  8.33  4.84 999 1015.9  23.1  23.2  22.1 99.0 99.00
2010 05 07 11 50 239  1.7  2.2  0.65  8.33  4.78 999 1016.5  23.2  23.2  22.2 99.0 99.00
2010 05 07 12 50 217  3.1  3.5  0.64  5.00  4.58 999 1016.5  23.3  23.3  22.2 99.0 99.00
2010 05 07 13 50 219  4.2  4.7  0.71  8.33  4.80 999 1016.5  23.4  23.4  22.2 99.0 99.00
2010 05 07 14 50 222  4.2  4.8  0.70  8.33  4.80 999 1016.6  23.7  23.6  22.4 99.0 99.00
2010 05 07 15 50 227  4.2  4.7  0.73  8.33  4.69 999 1016.6  23.8  23.8  22.4 99.0 99.00
2010 05 07 16 50 228  4.2  4.9  0.77  8.33  4.64 999 1016.6  24.0  23.9  22.5 99.0 99.00
2010 05 07 17 50 239  4.1  4.9  0.74  7.69  4.64 999 1016.4  24.1  24.0  22.5 99.0 99.00
2010 05 07 18 50 246  4.1  4.8  0.72  7.69  4.50 999 1016.4  24.3  24.2  22.4 99.0 99.00
2010 05 07 19 50 261  3.5  4.2  0.75  9.09  4.66 999 1015.9  24.3  24.3  22.2 99.0 99.00
2010 05 07 20 50 246  3.5  4.2  0.72  7.69  4.46 999 1015.8  24.4  24.2  22.3 99.0 99.00
2010 05 07 21 50 235  2.6  3.1  0.75  9.09  4.85 999 1015.7  24.4  24.2  22.5 99.0 99.00
2010 05 07 22 50 229  3.4  4.2  0.74  8.33  4.95 999 1015.6  24.3  24.2  22.4 99.0 99.00
2010 05 07 23 50 213  3.8  4.6  0.76  5.26  5.00 999 1015.9  24.1  24.2  22.5 99.0 99.00
2010 05 08 00 50 204  4.1  4.8  0.78  7.69  5.09 999 1016.2  24.0  24.1  22.6 99.0 99.00
2010 05 08 01 50 204  5.2  6.2  0.78  8.33  4.91 999 1016.4  23.9  24.0  22.9 99.0 99.00
2010 05 08 02 50 207  5.4  6.2  0.80  5.26  4.55 999 1016.3  23.8  23.9  22.7 99.0 99.00
2010 05 08 03 50 206  6.4  7.8  0.87  4.76  4.43 999 1016.1  23.7  24.0  22.7 99.0 99.00
2010 05 08 04 50 211  6.7  7.6  0.86  5.26  4.15 999 1015.8  23.6  23.9  22.4 99.0 99.00
2010 05 08 05 50 209  6.7  7.7  0.92  4.35  4.18 999 1015.1  23.5  23.8  22.3 99.0 99.00
2010 05 08 06 50 221  6.8  8.0  0.91  3.85  4.08 999 1014.7  23.4  23.7  22.0 99.0 99.00
2010 05 08 07 50 227  7.0  8.4  0.93  4.00  4.08 999 1014.5  23.4  23.6  21.7 99.0 99.00
2010 05 08 08 50 229  6.7  7.9  0.98  3.85  4.09 999 1014.5  23.4  23.5  21.8 99.0 99.00
2010 05 08 09 50 216  6.4  7.7  0.99  4.17  3.96 999 1014.2  23.4  23.5  21.9 99.0 99.00
2010 05 08 10 50 223  7.5  8.9  1.00  4.76  3.93 999 1014.8  23.4  23.4  21.5 99.0 99.00
2010 05 08 11 50 219  7.4  8.8  1.03  4.55  3.92 999 1014.9  23.4  23.4  21.6 99.0 99.00
2010 05 08 12 50 221  7.4  8.7  1.03  4.17  3.94 999 1015.0  23.4  23.4  21.5 99.0 99.00
2010 05 08 13 50 211  8.0  9.3  1.07  4.35  3.86 999 1014.5  23.4  23.4  21.6 99.0 99.00
2010 05 08 14 50 213  7.6  8.9  1.15  4.55  3.99 999 1014.3  23.5  23.5  21.8 99.0 99.00
2010 05 08 15 50 215  8.2  9.7  1.25  4.55  4.09 999 1014.1  23.8  23.5  22.2 99.0 99.00
2010 05 08 16 50 208  8.3  9.8  1.15  4.55  4.02 999 1013.1  23.8  23.6  22.3 99.0 99.00
2010 05 08 17 50 206  8.8 10.6  1.17  4.55  4.01 999 1012.4  23.8  23.6  22.5 99.0 99.00
2010 05 08 18 50 210  9.3 11.0  1.32  4.76  4.14 999 1011.8  23.9  23.7  22.4 99.0 99.00
2010 05 08 19 50 210  9.0 10.8  1.32  5.00  4.10 999 1011.1  24.0  23.7  22.5 99.0 99.00
2010 05 08 20 50 205 10.3 12.3  1.37  5.00  4.28 999 1010.4  24.1  23.8  22.6 99.0 99.00
2010 05 08 21 50 211 10.5 12.2  1.71  5.56  4.55 999 1010.1  24.3  23.8  22.9 99.0 99.00
2010 05 08 22 50 216  9.7 10.9  1.61  5.56  4.56 999 1010.0  24.2  23.8  22.9 99.0 99.00
2010 05 08 23 50 217  9.4 11.0  1.75  5.56  4.62 999 1010.0  24.0  23.7  22.9 99.0 99.00
2010 05 09 00 50 230 10.5 13.1  1.91  5.88  4.81 999 1010.6  24.2  23.7  22.4 99.0 99.00
2010 05 09 01 50 225 10.0 12.3  1.88  6.25  4.83 999 1010.7  24.0  23.6  22.3 99.0 99.00
2010 05 09 02 50 229 10.2 12.0  1.96  5.88  4.96 999 1010.7  23.9  23.6  22.4 99.0 99.00
2010 05 09 03 50 233  9.8 11.9  2.25  5.88  5.18 999 1010.7  24.0  23.6  22.4 99.0 99.00
2010 05 09 04 50 236  9.9 11.9  2.19  5.88  5.12 999 1010.3  24.0  23.6  22.4 99.0 99.00
2010 05 09 05 50 252 10.2 12.9  2.15  6.67  5.09 999 1010.4  24.2  23.6  22.6 99.0 99.00
2010 05 09 06 50 333  6.2  7.5  2.03  6.25  5.13 999 1010.8  23.7  23.6  19.8 99.0 99.00
2010 05 09 07 50   2  6.9  8.7  2.24  6.67  5.62 999 1011.6  24.0  23.6  18.8 99.0 99.00
2010 05 09 08 50 353  8.7 10.3  2.03  6.67  5.35 999 1012.1  24.2  23.5  15.9 99.0 99.00
2010 05 09 09 50 352  9.2 11.4  2.04  7.14  5.24 999 1012.9  24.0  23.5  13.1 99.0 99.00
2010 05 09 10 50   3  8.1 10.1  2.17  7.69  5.33 999 1013.9  23.8  23.5  14.0 99.0 99.00
2010 05 09 11 50  16  8.9 10.4  2.41  7.69  5.42 999 1014.9  23.1  23.4  14.3 99.0 99.00
2010 05 09 12 50  15  9.3 11.1  2.17  7.69  5.28 999 1015.7  22.5  23.4  15.2 99.0 99.00
2010 05 09 13 50  16  9.9 11.6  2.43  6.25  5.30 999 1016.3  21.8  23.4  15.6 99.0 99.00
2010 05 09 14 50  20  9.3 10.7  2.24  6.67  5.29 999 1016.9  21.1  23.4  14.9 99.0 99.00
2010 05 09 15 50  22  8.3  9.7  2.22  6.67  5.41 999 1017.4  20.9  23.4  14.3 99.0 99.00
2010 05 09 16 50  18  7.4  9.1  2.20  7.14  5.64 999 1017.4  20.7  23.4  13.8 99.0 99.00
2010 05 09 17 50  17  6.8  8.3  1.98  6.67  5.60 999 1017.7  20.7  23.4  13.8 99.0 99.00
2010 05 09 18 50  13  6.1  7.8  1.84  7.69  5.56 999 1017.9  20.5  23.4  13.4 99.0 99.00
2010 05 09 19 50   9  5.2  6.8  1.83  7.14  5.63 999 1017.9  20.6  23.4  13.4 99.0 99.00
2010 05 09 20 50 345  6.0  7.6  1.72  7.14  5.49 999 1018.3  20.3  23.4  13.2 99.0 99.00
2010 05 09 21 50 351  6.8  8.7  1.86  7.14  5.54 999 1018.5  20.0  23.4  13.3 99.0 99.00
2010 05 09 22 50 356  6.2  8.1  1.77  8.33  5.45 999 1019.0  19.8  23.4  12.9 99.0 99.00
2010 05 09 23 50 342  6.3  7.9  1.73  8.33  5.69 999 1019.9  19.6  23.3  12.5 99.0 99.00
2010 05 10 00 50 358  6.2  7.7  1.74  7.14  5.41 999 1020.9  19.3  23.3  12.2 99.0 99.00
2010 05 10 01 50 355  5.7  7.5  1.69  8.33  5.52 999 1021.7  19.2  23.3  11.7 99.0 99.00
2010 05 10 02 50   5  5.5  7.2  1.69  8.33  5.57 999 1022.1  19.0  23.3  11.0 99.0 99.00
2010 05 10 03 50 357  6.1  8.2  1.71  7.69  5.49 999 1022.3  19.0  23.3  10.2 99.0 99.00
2010 05 10 04 50 354  6.0  8.0  1.54  7.69  5.43 999 1022.6  18.9  23.3   8.4 99.0 99.00
2010 05 10 05 50   3  6.6  8.4  1.55  7.69  5.37 999 1022.3  18.8  23.3   8.4 99.0 99.00
2010 05 10 06 50   8  5.6  7.9  1.55 10.00  5.51 999 1021.9  18.8  23.3   8.0 99.0 99.00
2010 05 10 07 50   8  5.9  7.5  1.50  8.33  5.53 999 1021.9  18.9  23.3   7.5 99.0 99.00
2010 05 10 08 50  18  5.3  7.1  1.66  8.33  5.68 999 1022.1  18.8  23.3   8.0 99.0 99.00
2010 05 10 09 50   3  5.8  7.7  1.39  7.14  5.08 999 1022.7  19.1  23.3   7.3 99.0 99.00
2010 05 10 10 50   8  5.1  7.2  1.38  8.33  5.39 999 1023.6  19.3  23.2   7.6 99.0 99.00
2010 05 10 11 50  20  4.0  6.1  1.32  8.33  5.25 999 1024.1  19.6  23.2   6.9 99.0 99.00
2010 05 10 12 50  33  4.1  5.7  1.21  9.09  5.08 999 1024.7  19.6  23.3   7.4 99.0 99.00
2010 05 10 13 50  27  5.0  6.4  1.15  9.09  5.13 999 1025.2  19.6  23.3   8.4 99.0 99.00
2010 05 10 14 50  26  5.3  7.4  1.17  8.33  4.98 999 1025.5  19.6  23.3   8.7 99.0 99.00
2010 05 10 15 50  36  4.5  6.4  1.18  8.33  5.24 999 1025.4  19.7  23.3   7.7 99.0 99.00
2010 05 10 16 50  42  3.5  4.9  1.18  8.33  5.43 999 1025.3  19.8  23.3   7.7 99.0 99.00
2010 05 10 17 50  27  2.6  3.6  1.06  7.69  5.53 999 1025.1  19.9  23.4   7.2 99.0 99.00
2010 05 10 18 50  34  2.9  4.1  1.05  8.33  5.60 999 1025.0  20.0  23.5   6.9 99.0 99.00
2010 05 10 19 50 359  2.2  3.3  1.04  8.33  5.77 999 1025.0  20.2  23.6   7.3 99.0 99.00
2010 05 10 20 50  83  1.0  1.9  0.95  7.69  5.57 999 1024.8  20.2  23.6   7.4 99.0 99.00
2010 05 10 21 50  59  1.6  2.5  1.08  8.33  5.99 999 1024.8  20.2  23.6   8.4 99.0 99.00
2010 05 10 22 50  93  1.3  2.4  0.98  8.33  5.79 999 1025.4  20.2  23.5   7.4 99.0 99.00
2010 05 10 23 50 130  1.4  2.3  1.05  8.33  5.83 999 1025.8  20.2  23.5   9.4 99.0 99.00
2010 05 11 00 50  74  5.2  6.4  1.07  7.69  5.27 999 1026.4  19.8  23.4  12.5 99.0 99.00
2010 05 11 01 50  76  5.1  6.7  1.14  8.33  5.51 999 1027.0  19.8  23.4  12.4 99.0 99.00
2010 05 11 02 50  82  4.4  5.5  1.22  8.33  5.51 999 1027.7  19.7  23.4  12.1 99.0 99.00
2010 05 11 03 50  79  4.4  5.6  1.24  7.69  5.60 999 1027.6  19.7  23.4  12.0 99.0 99.00
2010 05 11 04 50  74  4.4  6.2  1.38  7.69  5.87 999 1027.4  19.8  23.4  12.8 99.0 99.00
2010 05 11 05 50  48  5.2  6.8  1.39  7.14  5.66 999 1026.9  19.5  23.4  11.5 99.0 99.00
2010 05 11 06 50  54  7.4  9.0  1.42  7.69  5.22 999 1026.0  19.4  23.5  13.0 99.0 99.00
2010 05 11 07 50  39  7.2  9.2  1.57  8.33  5.21 999 1026.5  19.1  23.5  12.4 99.0 99.00
2010 05 11 08 50  47  7.3  9.5  1.48  6.67  5.00 999 1026.3  19.1  23.6  12.0 99.0 99.00
2010 05 11 09 50  42  6.7  8.2  1.42  7.69  4.92 999 1026.9  19.1  23.6  10.2 99.0 99.00
2010 05 11 10 50  56  8.3  9.6  1.40  7.69  4.73 999 1027.3  18.8  23.6  12.2 99.0 99.00
2010 05 11 11 50  65  7.8  9.5  1.43  7.69  4.57 999 1027.8  18.6  23.5  11.5 99.0 99.00
2010 05 11 12 50  66  7.3 10.0  1.39  7.69  4.77 999 1028.3  18.6  23.5  11.0 99.0 99.00
2010 05 11 13 50  66  7.3  9.1  1.45  6.67  4.80 999 1028.8  18.7  23.5  11.1 99.0 99.00
2010 05 11 14 50  83  7.5  9.5  1.38  7.14  4.75 999 1028.9  18.7  23.5  10.8 99.0 99.00
2010 05 11 15 50  87  6.8  8.6  1.37  6.67  4.71 999 1029.0  18.8  23.5  11.1 99.0 99.00
2010 05 11 16 50  85  6.2  7.5  1.49  8.33  5.02 999 1029.0  18.8  23.5  10.9 99.0 99.00
2010 05 11 17 50  93  5.3  7.0  1.26  8.33  4.75 999 1029.0  18.7  23.5  10.7 99.0 99.00
2010 05 11 18 50  98  5.5  7.3  1.24  8.33  4.95 999 1028.6  18.7  23.6  10.7 99.0 99.00
2010 05 11 19 50  91  4.3  5.9  1.13  7.69  5.01 999 1028.0  18.7  23.6  10.6 99.0 99.00
2010 05 11 20 50 113  4.4  5.3  1.07  7.69  4.84 999 1027.4  18.9  23.6  10.8 99.0 99.00
2010 05 11 21 50 106  5.1  6.4  0.98  7.69  5.03 999 1027.5  19.2  23.6  11.3 99.0 99.00
2010 05 11 22 50 111  4.3  5.4  0.92  7.69  4.79 999 1027.6  19.2  23.5  11.4 99.0 99.00
2010 05 11 23 50  71  0.6  1.9  0.59  5.56  4.16 999 1027.1  19.3  21.0  11.7 99.0 99.00
2010 05 12 00 50 146  3.6  6.2  1.25  8.33  8.32 999 1027.3  19.5  20.3  12.5 99.0 99.00
2010 05 12 01 50 122  2.4  8.1  0.69 21.05 10.27 999 1027.2  19.8  20.0  13.3 99.0 99.00
2010 05 12 02 50 124  2.1  5.6  0.50 21.05  7.92 999 1027.0  20.1  20.0  14.2 99.0 99.00
2010 05 12 03 50 133  2.1  5.4 99.00 99.00 99.00 999 1026.8  20.3  20.0  14.5 99.0 99.00
2010 05 12 04 50 128  2.3  6.8 99.00 99.00 99.00 999 1026.6  20.5  20.2  14.9 99.0 99.00
2010 05 12 05 50 144  1.8  3.4 99.00 99.00 99.00 999 1026.0  20.4  20.2  14.3 99.0 99.00
2010 05 12 06 50 128  2.5  5.8 99.00 99.00 99.00 999 1025.4  20.5  20.1  14.8 99.0 99.00
2010 05 12 07 50 133  2.0  4.5 99.00 99.00 99.00 999 1025.2  20.6  20.1  14.6 99.0 99.00
2010 05 12 08 50 132  2.0  5.6 99.00 99.00 99.00 999 1024.8  20.6  20.2  14.6 99.0 99.00
2010 05 12 09 50 135  1.8  4.9 99.00 99.00 99.00 999 1025.1  20.7  20.2  14.1 99.0 99.00
2010 05 12 10 50 139  1.7  5.4 99.00 99.00 99.00 999 1025.6  20.9  20.5  14.2 99.0 99.00
2010 05 12 11 50 128  2.8  6.6 99.00 99.00 99.00 999 1025.6  21.5  24.0  14.3 99.0 99.00
2010 05 12 12 50 151  2.7  6.4 99.00 99.00 99.00 999 1025.9  21.5  25.8  14.3 99.0 99.00
2010 05 12 13 50 156  2.1  6.4 99.00 99.00 99.00 999 1025.9  21.9  26.3  14.2 99.0 99.00
2010 05 12 14 50 156  1.8  4.8 99.00 99.00 99.00 999 1026.2  22.8  24.7  14.8 99.0 99.00
2010 05 12 15 50 155  1.6  4.2 99.00 99.00 99.00 999 1026.1  23.1  24.2  14.9 99.0 99.00
2010 05 12 16 50 147  1.5  4.4 99.00 99.00 99.00 999 1025.6  23.4  24.5  15.4 99.0 99.00
2010 05 12 17 50 143  1.9  5.1 99.00 99.00 99.00 999 1025.1  23.5  24.7  16.1 99.0 99.00
2010 05 12 18 50 157  1.5 99.0 99.00 99.00 99.00 999 9999.0  23.7 999.0 999.0 99.0 99.00
2010 05 12 19 50 133  3.5  7.1 99.00 99.00 99.00 999 1023.7  23.4  24.8  16.8 99.0 99.00
2010 05 12 20 50 139  4.1  8.4 99.00 99.00 99.00 999 1022.9  23.4  24.8  17.2 99.0 99.00
2010 05 12 21 50 145  2.7  6.2 99.00 99.00 99.00 999 1022.5  23.8  24.7  17.3 99.0 99.00
2010 05 12 22 50 141  3.7  7.2 99.00 99.00 99.00 999 1022.4  23.4  24.2  17.9 99.0 99.00
2010 05 12 23 50 137  5.1  8.6 99.00 99.00 99.00 999 1022.7  23.4  23.9  18.5 99.0 99.00
2010 05 13 00 50 137  5.4  8.4 99.00 99.00 99.00 999 1022.9  23.5  23.6  18.3 99.0 99.00
2010 05 13 01 50 134  6.5  9.2 99.00 99.00 99.00 999 1023.1  23.6  23.6  18.1 99.0 99.00
2010 05 13 02 50 139  4.9  8.2 99.00 99.00 99.00 999 1023.3  23.9  23.8  18.6 99.0 99.00
2010 05 13 03 50 134  7.7 10.0 99.00 99.00 99.00 999 1022.8  24.2  24.0  19.5 99.0 99.00
2010 05 13 04 50 133  8.1  9.6 99.00 99.00 99.00 999 1022.2  24.2  24.1  19.5 99.0 99.00
2010 05 13 05 50 134  7.3  9.4 99.00 99.00 99.00 999 1021.7  24.5  24.2  19.2 99.0 99.00
2010 05 13 06 50 134  6.8  8.5 99.00 99.00 99.00 999 1021.3  24.8  24.4  19.1 99.0 99.00
2010 05 13 07 50 133  9.4 11.3 99.00 99.00 99.00 999 1020.2  24.7  24.4  19.2 99.0 99.00
2010 05 13 08 50 141  3.9  7.7 99.00 99.00 99.00 999 1020.0  24.6  24.0  19.1 99.0 99.00
2010 05 13 09 50 139  5.2  9.5 99.00 99.00 99.00 999 1020.1  24.7  23.9  18.6 99.0 99.00
2010 05 13 10 50 138  4.7 10.0 99.00 99.00 99.00 999 1020.4  24.8  24.0  18.5 99.0 99.00
2010 05 13 11 50 141  3.2  6.3 99.00 99.00 99.00 999 1021.1  25.1  25.6  19.2 99.0 99.00
2010 05 13 12 50 136  5.6  9.3 99.00 99.00 99.00 999 1021.3  25.2  26.7  20.0 99.0 99.00
2010 05 13 13 50 137  5.8 10.1 99.00 99.00 99.00 999 1021.8  25.8  28.1  20.4 99.0 99.00
2010 05 13 14 50 133  8.5 10.6 99.00 99.00 99.00 999 1021.4  26.2  28.1  20.8 99.0 99.00
2010 05 13 15 50 134  7.5  8.9 99.00 99.00 99.00 999 1021.1  26.6  27.6  20.5 99.0 99.00
2010 05 13 16 50 135  5.6  7.8 99.00 99.00 99.00 999 1021.0  26.7  28.0  20.8 99.0 99.00
2010 05 13 17 50 137  5.6  7.8 99.00 99.00 99.00 999 1020.4  26.8  28.5  21.3 99.0 99.00
2010 05 13 18 50 136  0.6  2.0 99.00 99.00 99.00 999 1019.9  27.9  29.3  22.3 99.0 99.00
2010 05 13 19 50 134  2.6 99.0 99.00 99.00 99.00 999 9999.0  27.1 999.0  22.3 99.0 99.00
2010 05 13 20 50 127  1.2  2.6 99.00 99.00 99.00 999 1019.1  27.5  29.9  22.2 99.0 99.00
2010 05 13 21 50 287  0.6  2.7 99.00 99.00 99.00 999 1019.1  27.2  30.6  21.9 99.0 99.00
2010 05 13 22 50 342  4.0 10.1 99.00 99.00 99.00 999 1018.8  27.2  29.4  21.8 99.0 99.00
2010 05 13 23 50  21  0.8  2.9 99.00 99.00 99.00 999 1019.2  26.6  28.8  21.9 99.0 99.00
2010 05 14 00 50 133  0.4  1.9 99.00 99.00 99.00 999 1019.7  26.5  28.0  22.4 99.0 99.00
2010 05 14 01 50  83  1.0  3.6 99.00 99.00 99.00 999 1020.0  26.5  27.7  22.6 99.0 99.00
2010 05 14 02 50  50  5.4  6.8 99.00 99.00 99.00 999 1020.1  26.7  27.3  22.1 99.0 99.00
2010 05 14 03 50  52  5.6  6.7 99.00 99.00 99.00 999 1020.4  26.1  26.7  22.7 99.0 99.00
2010 05 14 04 50  66  5.7  7.0 99.00 99.00 99.00 999 1020.4  26.1  26.3  22.7 99.0 99.00
2010 05 14 06 50  59 99.0 99.0 99.00 99.00 99.00 999 9999.0 999.0 999.0 999.0 99.0 99.00
2010 05 14 07 50  58  5.2  6.6 99.00 99.00 99.00 999 1020.1  25.7  25.9  22.1 99.0 99.00
2010 05 14 08 50  53  4.7  5.6 99.00 99.00 99.00 999 1020.7  25.6  25.8  22.2 99.0 99.00
2010 05 14 09 50  66  2.5  5.0 99.00 99.00 99.00 999 1021.2  25.3  25.6  22.0 99.0 99.00
2010 05 14 10 50  60  4.8  6.1 99.00 99.00 99.00 999 1021.2  25.2  25.4  21.8 99.0 99.00
2010 05 14 11 50  64  4.2  6.1 99.00 99.00 99.00 999 1021.8  25.2  25.4  21.7 99.0 99.00
2010 05 14 13 50 290  3.7  5.7 99.00 99.00 99.00 999 1022.5  25.3  26.5  21.6 99.0 99.00
2010 05 14 16 50  32  0.7  1.9 99.00 99.00 99.00 999 1022.9  25.4  29.0  21.8 99.0 99.00
2010 05 14 17 50  52  1.3  2.1 99.00 99.00 99.00 999 1022.6  25.7  29.6  22.2 99.0 99.00
2010 05 14 18 50  56  1.1  2.1 99.00 99.00 99.00 999 1022.7  25.9  30.8  21.8 99.0 99.00
2010 05 14 19 50  40  1.2  2.1 99.00 99.00 99.00 999 1022.2  26.2  31.5  21.6 99.0 99.00
2010 05 14 21 50  57  3.0  3.9 99.00 99.00 99.00 999 1021.5  25.4  30.1  22.1 99.0 99.00
2010 05 14 22 50  42  2.4  3.3 99.00 99.00 99.00 999 1021.7  25.2  29.0  22.1 99.0 99.00
2010 05 14 23 50  50  3.2  4.0 99.00 99.00 99.00 999 1021.5  24.9  27.9  22.1 99.0 99.00
2010 05 15 00 50  55  3.2  4.4 99.00 99.00 99.00 999 1021.2  24.4  26.7  22.3 99.0 99.00
2010 05 15 01 50  52  2.3  3.6 99.00 99.00 99.00 999 1021.7  24.0 999.0  21.8 99.0 99.00
2010 05 15 02 50  49  1.5  2.1 99.00 99.00 99.00 999 1021.9  23.9  25.6  21.8 99.0 99.00
2010 05 15 05 50 180  0.1  0.8 99.00 99.00 99.00 999 1020.6  23.9  25.0  21.6 99.0 99.00
2010 05 15 06 50 241  0.5  1.4 99.00 99.00 99.00 999 1020.2  23.9  24.9  21.6 99.0 99.00
2010 05 15 07 50 180  0.0  0.3 99.00 99.00 99.00 999 1020.0  23.8  24.7  21.5 99.0 99.00
2010 05 15 08 50  37  2.1  3.0 99.00 99.00 99.00 999 1020.0  24.0  24.6  21.8 99.0 99.00
2010 05 15 09 50  35  1.0  2.3 99.00 99.00 99.00 999 1020.1  24.0  24.5  21.8 99.0 99.00
2010 05 15 10 50  37  1.1  2.7 99.00 99.00 99.00 999 1020.3  23.6  24.2  21.8 99.0 99.00
2010 05 15 11 50  41  2.7  3.4 99.00 99.00 99.00 999 1020.5  23.6  24.3  21.6 99.0 99.00
2010 05 15 12 50  57  3.0  3.8 99.00 99.00 99.00 999 1021.0  24.0  25.3  21.7 99.0 99.00
2010 05 15 13 50 273  2.1  3.5 99.00 99.00 99.00 999 1021.2  24.9  27.7  21.1 99.0 99.00
2010 05 15 14 50 267  3.6  5.5 99.00 99.00 99.00 999 1021.3  25.0  28.7  21.9 99.0 99.00
2010 05 15 15 50 270  4.0  6.4 99.00 99.00 99.00 999 1021.3  25.3  29.6  21.7 99.0 99.00
2010 05 15 16 50 264  4.0  5.9 99.00 99.00 99.00 999 1021.0  25.4  30.3  21.8 99.0 99.00
2010 05 15 17 50 265  4.9  6.7 99.00 99.00 99.00 999 1020.6  25.4  30.7  21.4 99.0 99.00
2010 05 15 18 50 272  3.6  5.7 99.00 99.00 99.00 999 1020.5  25.6  30.3  21.8 99.0 99.00
2010 05 15 19 50 269  3.1  4.6 99.00 99.00 99.00 999 1019.7  25.6  29.8  22.2 99.0 99.00
2010 05 15 20 50 283  1.6  4.7 99.00 99.00 99.00 999 1018.9  26.3  29.7  23.2 99.0 99.00
2010 05 15 21 50 277  1.7  4.6 99.00 99.00 99.00 999 1018.6  25.8  29.8  23.4 99.0 99.00
2010 05 15 22 50 287  0.9  3.8 99.00 99.00 99.00 999 1018.6  26.0  29.1  23.5 99.0 99.00
2010 05 15 23 50 270  2.5  4.1 99.00 99.00 99.00 999 1018.1  25.2  28.0  23.6 99.0 99.00
2010 05 16 00 50 277  2.0  5.1 99.00 99.00 99.00 999 1018.1  25.0  26.9  23.5 99.0 99.00
2010 05 16 01 50 271  1.1  3.9 99.00 99.00 99.00 999 1018.2  24.9  26.4  23.5 99.0 99.00
2010 05 16 02 50 323  0.6  2.7 99.00 99.00 99.00 999 1018.4  25.2  26.3  23.8 99.0 99.00
2010 05 16 03 50 293  0.8  4.1 99.00 99.00 99.00 999 1018.5  25.1  26.1  23.4 99.0 99.00
2010 05 16 04 50 274  3.2  5.1 99.00 99.00 99.00 999 1018.4  24.9  26.0  23.3 99.0 99.00
2010 05 16 05 50 274  2.4  4.5 99.00 99.00 99.00 999 1018.3  24.8  25.8  23.2 99.0 99.00
2010 05 16 06 50 272  1.6  3.5 99.00 99.00 99.00 999 1018.0  24.6  25.7  23.2 99.0 99.00
2010 05 16 07 50 272  3.8  5.6 99.00 99.00 99.00 999 1017.2  24.6  25.5  23.3 99.0 99.00
2010 05 16 08 50 273  3.6  5.2 99.00 99.00 99.00 999 1016.9  24.6  25.3  23.4 99.0 99.00
2010 05 16 09 50 273  3.0  5.2 99.00 99.00 99.00 999 1017.4  24.5  25.3  23.2 99.0 99.00
2010 05 16 10 50 270  3.0  4.9 99.00 99.00 99.00 999 1017.5  24.5  25.3  23.0 99.0 99.00
2010 05 16 11 50 274  4.7  6.5 99.00 99.00 99.00 999 1017.1  24.5  25.2  23.2 99.0 99.00
2010 05 16 12 50 222  1.3  2.6 99.00 99.00 99.00 999 1017.3  22.3  25.1  20.3 99.0 99.00
2010 05 16 13 50 166  1.6  2.6 99.00 99.00 99.00 999 1017.4  20.8  21.9  20.6 99.0 99.00
2010 05 16 14 50 248  1.6  3.0 99.00 99.00 99.00 999 1017.9  21.0  21.8  20.9 99.0 99.00
2010 05 16 15 50 273  6.1  8.2 99.00 99.00 99.00 999 1018.0  23.3  24.7  21.9 99.0 99.00
2010 05 16 16 50 269  3.8  6.4 99.00 99.00 99.00 999 1018.1  23.1  24.8  21.3 99.0 99.00
2010 05 16 17 50 271  3.4  5.4 99.00 99.00 99.00 999 1017.1  23.2  25.4  20.9 99.0 99.00
2010 05 16 18 50 277  4.9  5.8 99.00 99.00 99.00 999 1016.6  22.8  24.5  20.6 99.0 99.00
2010 05 16 19 50 282  7.3  9.5 99.00 99.00 99.00 999 1016.2  22.6  24.0  21.7 99.0 99.00
2010 05 16 20 50 253  1.4  2.8 99.00 99.00 99.00 999 1015.6  22.2  23.7  20.9 99.0 99.00
2010 05 16 21 50 245  1.2  2.0 99.00 99.00 99.00 999 1014.6  22.2  23.3  21.6 99.0 99.00
2010 05 16 22 50 357  1.2  1.8 99.00 99.00 99.00 999 1014.1  22.7  23.9  21.3 99.0 99.00
2010 05 16 23 50  73  1.9  3.1 99.00 99.00 99.00 999 1013.9  22.8  24.0  21.0 99.0 99.00
2010 05 17 00 50  85  2.3  3.5 99.00 99.00 99.00 999 1013.4  22.9  23.7  20.6 99.0 99.00
2010 05 17 01 50 113  0.6  1.0 99.00 99.00 99.00 999 1014.1  22.2  23.3  20.4 99.0 99.00
2010 05 17 02 50 115  0.7  0.9 99.00 99.00 99.00 999 1014.9  22.3  23.3  20.5 99.0 99.00
2010 05 17 03 50 119  0.5  0.8 99.00 99.00 99.00 999 1014.7  21.9  23.0  20.2 99.0 99.00
2010 05 17 04 50 104  1.0  1.9 99.00 99.00 99.00 999 1015.3  22.4  22.9  19.9 99.0 99.00
2010 05 17 05 50  98  1.5  2.4 99.00 99.00 99.00 999 1015.7  22.1  22.6  19.7 99.0 99.00
2010 05 17 06 50 107  2.1  2.9 99.00 99.00 99.00 999 1015.7  21.7  22.5  19.4 99.0 99.00
2010 05 17 07 50 109  1.0  2.0 99.00 99.00 99.00 999 1015.2  21.1  22.2  19.6 99.0 99.00
2010 05 17 08 50 123  0.4  1.2 99.00 99.00 99.00 999 1014.7  20.7  21.9  20.0 99.0 99.00
2010 05 17 09 50 104  1.8  3.1 99.00 99.00 99.00 999 1014.4  20.5  21.6  19.8 99.0 99.00
2010 05 17 10 50 109  1.0  1.5 99.00 99.00 99.00 999 1014.3  19.7  21.4  19.5 99.0 99.00
2010 05 17 11 50 109  1.7  3.0 99.00 99.00 99.00 999 1015.0  20.1  22.8  19.0 99.0 99.00
2010 05 17 12 50 101  1.9  3.4 99.00 99.00 99.00 999 1015.5  21.5  23.3  19.9 99.0 99.00
2010 05 17 13 50 101  2.0  3.8 99.00 99.00 99.00 999 1016.5  22.7  24.4  20.3 99.0 99.00
2010 05 17 14 50  98  3.6  6.0 99.00 99.00 99.00 999 1016.8  23.6  26.0  20.2 99.0 99.00
2010 05 17 15 50  92  2.7  5.1 99.00 99.00 99.00 999 1016.5  25.3  27.2  19.7 99.0 99.00
2010 05 17 16 50 110  2.0  3.3 99.00 99.00 99.00 999 1016.0  26.5  28.8  19.5 99.0 99.00
2010 05 17 17 50  99  2.4  5.1 99.00 99.00 99.00 999 1015.6  28.0  30.3  18.7 99.0 99.00
2010 05 17 18 50   8  1.1  1.4 99.00 99.00 99.00 999 1015.3  26.7  31.2  22.1 99.0 99.00
2010 05 17 19 50   9  1.2  1.6 99.00 99.00 99.00 999 1014.7  26.7  31.8  22.3 99.0 99.00
2010 05 17 20 50  39  1.5  2.0 99.00 99.00 99.00 999 1014.0  27.1  31.9  22.6 99.0 99.00
2010 05 17 21 50  48  1.7  2.4 99.00 99.00 99.00 999 1013.5  26.8  31.7  22.9 99.0 99.00
2010 05 17 22 50  49  1.7  2.5 99.00 99.00 99.00 999 1013.2  26.5  31.1  22.7 99.0 99.00
2010 05 17 23 50  48  1.5  2.2 99.00 99.00 99.00 999 1013.0  26.2  29.8  23.1 99.0 99.00
2010 05 18 00 50  59  1.8  2.4 99.00 99.00 99.00 999 1013.6  25.9  28.5  22.5 99.0 99.00
2010 05 18 01 50  82  2.9  4.2 99.00 99.00 99.00 999 1014.4  25.9  27.6  22.9 99.0 99.00
2010 05 18 02 50  64  1.2  1.7 99.00 99.00 99.00 999 1014.9  25.8  27.2  23.1 99.0 99.00
2010 05 18 03 50  79  1.8  2.6 99.00 99.00 99.00 999 1015.1  25.9  26.9  22.1 99.0 99.00
2010 05 18 04 50  62  1.2  1.7 99.00 99.00 99.00 999 1014.7  25.5  26.7  23.0 99.0 99.00
2010 05 18 05 50  67  1.6  3.1 99.00 99.00 99.00 999 1014.5  25.3  26.3  23.3 99.0 99.00
2010 05 18 06 50  73  2.8  4.8 99.00 99.00 99.00 999 1013.9  24.9  26.0  23.4 99.0 99.00
2010 05 18 07 50  72  2.2  3.4 99.00 99.00 99.00 999 1013.6  24.9  25.7  23.5 99.0 99.00
2010 05 18 08 50  77  3.1  4.3 99.00 99.00 99.00 999 1013.4  24.8  25.5  23.4 99.0 99.00
2010 05 18 09 50  90  2.9  4.0 99.00 99.00 99.00 999 1013.7  24.5  25.3  23.0 99.0 99.00
2010 05 18 10 50  87  2.2  3.3 99.00 99.00 99.00 999 1013.9  24.4  25.0  23.2 99.0 99.00
2010 05 18 11 50  88  2.4  3.8 99.00 99.00 99.00 999 1014.6  24.8  26.6  23.0 99.0 99.00
2010 05 18 12 50  87  2.4  4.0 99.00 99.00 99.00 999 1015.0  25.3  29.1  22.5 99.0 99.00
2010 05 18 13 50 107  2.7  5.5 99.00 99.00 99.00 999 1015.0  25.5  28.8  22.1 99.0 99.00
2010 05 18 14 50  33  0.5  0.8 99.00 99.00 99.00 999 1015.0  27.4  30.4  21.8 99.0 99.00
2010 05 21 20 50 149  2.6  4.5 99.00 99.00 99.00 999 1014.1  30.4  31.2  22.5 99.0 99.00
2010 05 21 21 50 145  3.0  5.0 99.00 99.00 99.00 999 1013.8  30.1  31.7  22.9 99.0 99.00
2010 05 21 22 50 154  2.7  4.8 99.00 99.00 99.00 999 1013.8  29.6  32.0  22.9 99.0 99.00
2010 05 21 23 50 133  2.9  5.0 99.00 99.00 99.00 999 1014.0  28.7  31.8  23.5 99.0 99.00
2010 05 22 00 50 148  1.7  3.5 99.00 99.00 99.00 999 1014.0  27.8  31.2  23.8 99.0 99.00
2010 05 22 01 50 104  1.0  1.9 99.00 99.00 99.00 999 1015.4  26.3  30.7  23.8 99.0 99.00
2010 05 22 02 50 121  1.4  2.2 99.00 99.00 99.00 999 1015.4  25.9  30.0  23.6 99.0 99.00
2010 05 22 03 50  91  0.1  0.8 99.00 99.00 99.00 999 1015.4  25.4  29.7  23.3 99.0 99.00
2010 05 22 04 50 177  1.6  3.3 99.00 99.00 99.00 999 1014.4  25.6  29.0  23.1 99.0 99.00
2010 05 22 05 50 102  0.9  1.5 99.00 99.00 99.00 999 1014.4  25.0  28.8  23.3 99.0 99.00
2010 05 22 06 50 357  0.4  0.7 99.00 99.00 99.00 999 1014.4  23.4  28.5  22.7 99.0 99.00
2010 05 22 07 50 316  0.2  0.4 99.00 99.00 99.00 999 1014.5  23.1  28.3  22.6 99.0 99.00
2010 05 22 08 50  26  0.1  0.5 99.00 99.00 99.00 999 1014.7  22.8  27.9  22.4 99.0 99.00
2010 05 22 09 50 180  0.1  0.4 99.00 99.00 99.00 999 1015.0  22.8  27.6  22.5 99.0 99.00
2010 05 22 10 50 349  0.2  0.4 99.00 99.00 99.00 999 1015.2  22.3  27.2  22.0 99.0 99.00
2010 05 22 11 50 348  0.2  0.4 99.00 99.00 99.00 999 1015.9  23.0  27.0  22.6 99.0 99.00
2010 05 22 12 50 126  1.0  1.7 99.00 99.00 99.00 999 1016.2  26.3  27.4  23.9 99.0 99.00
2010 05 22 13 50 153  1.2  2.4 99.00 99.00 99.00 999 1016.6  27.7  28.1  23.0 99.0 99.00
2010 05 22 14 50 201  1.0  3.1 99.00 99.00 99.00 999 1016.8  29.1  28.8  22.7 99.0 99.00
2010 05 22 15 50 148  2.0  3.4 99.00 99.00 99.00 999 1016.8  29.4  29.6  22.2 99.0 99.00
2010 05 22 16 50 203  1.9  3.4 99.00 99.00 99.00 999 1016.5  29.9  30.5  22.2 99.0 99.00
2010 05 22 17 50 127  1.7  3.1 99.00 99.00 99.00 999 1016.0  30.5  31.2  22.2 99.0 99.00
2010 05 22 18 50 143  2.9  5.4 99.00 99.00 99.00 999 1015.6  31.1  31.9  22.9 99.0 99.00
2010 05 22 19 50 146  3.1  4.9 99.00 99.00 99.00 999 1015.1  30.7  32.3  23.0 99.0 99.00
2010 05 22 20 50 152  4.7  7.3 99.00 99.00 99.00 999 1014.8  30.6  32.6  22.8 99.0 99.00
2010 05 22 21 50 149  3.5  5.7 99.00 99.00 99.00 999 1014.4  30.4  32.7  22.6 99.0 99.00
2010 05 22 22 50 128  3.0  5.3 99.00 99.00 99.00 999 1014.4  30.0 999.0  21.6 99.0 99.00
2010 05 22 23 50 146  2.2  3.8 99.00 99.00 99.00 999 1014.1  29.4 999.0  22.9 99.0 99.00
2010 05 23 00 50 123  1.4  2.5 99.00 99.00 99.00 999 1014.3  27.7  31.9  23.4 99.0 99.00
2010 05 23 01 50 113  1.0  1.6 99.00 99.00 99.00 999 1014.7  26.4  31.1  23.3 99.0 99.00
2010 05 23 02 50 147  1.2  2.1 99.00 99.00 99.00 999 1015.2  26.1  30.6  23.2 99.0 99.00
2010 05 23 03 50 152  0.7  1.7 99.00 99.00 99.00 999 1015.8  25.7  30.2  23.1 99.0 99.00
2010 05 23 04 50 139  0.6  1.4 99.00 99.00 99.00 999 1015.6  25.2  29.7  23.3 99.0 99.00
2010 05 23 05 50 180  0.1  0.3 99.00 99.00 99.00 999 1015.3  23.9  29.3  22.8 99.0 99.00
2010 05 23 06 50 180  0.0  0.0 99.00 99.00 99.00 999 1014.8  23.2  28.9  22.5 99.0 99.00
2010 05 23 07 50 180  0.0  0.2 99.00 99.00 99.00 999 1014.4  23.1  28.5  22.6 99.0 99.00
2010 05 23 08 50 180  0.1  0.5 99.00 99.00 99.00 999 1014.5  22.8  28.0  22.5 99.0 99.00
2010 05 23 09 50 180  0.0  0.2 99.00 99.00 99.00 999 1014.5  22.7  27.7  22.4 99.0 99.00
2010 05 23 10 50 180  0.0  0.1 99.00 99.00 99.00 999 1015.1  22.1  27.3  21.9 99.0 99.00
2010 05 23 11 50 345  0.3  0.6 99.00 99.00 99.00 999 1016.1  22.4  26.9  22.1 99.0 99.00
2010 05 23 12 50  76  0.4  1.0 99.00 99.00 99.00 999 1016.5  26.5  27.2  24.1 99.0 99.00
2010 05 23 13 50 134  1.0  1.9 99.00 99.00 99.00 999 1017.2  27.2  27.8  23.1 99.0 99.00
2010 05 23 14 50  80  0.8  2.0 99.00 99.00 99.00 999 1017.2  28.7  28.7  22.6 99.0 99.00
2010 05 23 15 50 225  1.8  2.8 99.00 99.00 99.00 999 1016.8  28.7  29.5  21.8 99.0 99.00
2010 05 23 16 50 155  1.8  3.8 99.00 99.00 99.00 999 1016.9  30.2  30.3  21.4 99.0 99.00
2010 05 23 17 50 242  1.5  3.2 99.00 99.00 99.00 999 1016.6  30.8  31.0  20.9 99.0 99.00
2010 05 23 18 50 193  2.1  4.1 99.00 99.00 99.00 999 1016.3  31.5  31.6  20.5 99.0 99.00
2010 05 23 19 50 100  0.6  1.8 99.00 99.00 99.00 999 1015.9  31.8  32.0  19.9 99.0 99.00
2010 05 23 20 50 141  3.1  5.0 99.00 99.00 99.00 999 1015.2  31.5  32.4  22.1 99.0 99.00
2010 05 23 21 50 166  2.1  3.4 99.00 99.00 99.00 999 1014.8  31.8 999.0  22.1 99.0 99.00
2010 05 23 22 50 165  2.5  3.9 99.00 99.00 99.00 999 1014.6  30.8 999.0  22.1 99.0 99.00
2010 05 23 23 50 153  1.8  3.1 99.00 99.00 99.00 999 1014.6  30.1 999.0  21.7 99.0 99.00
2010 05 24 00 50 158  1.5  2.1 99.00 99.00 99.00 999 1014.6  28.5  32.5  22.4 99.0 99.00
2010 05 24 01 50 180  0.1  0.6 99.00 99.00 99.00 999 1014.8  27.0  31.9  22.8 99.0 99.00
2010 05 24 02 50 227  0.1  0.9 99.00 99.00 99.00 999 1015.3  25.9  31.1  22.8 99.0 99.00
2010 05 24 03 50 180  0.0  0.4 99.00 99.00 99.00 999 1015.4  24.8  30.4  22.9 99.0 99.00
2010 05 24 04 50 180  0.0  0.0 99.00 99.00 99.00 999 1015.2  23.9  29.8  23.0 99.0 99.00
2010 05 24 05 50 180  0.0  0.0 99.00 99.00 99.00 999 1014.7  23.5  29.3  22.7 99.0 99.00
2010 05 24 06 50  17  0.3  0.4 99.00 99.00 99.00 999 1014.1  23.0  28.8  22.4 99.0 99.00
2010 05 24 07 50 351  0.4  0.9 99.00 99.00 99.00 999 1014.1  22.1  28.2  21.7 99.0 99.00
2010 05 24 08 50 180  0.0  0.2 99.00 99.00 99.00 999 1014.2  22.0  27.8  21.7 99.0 99.00
2010 05 24 09 50 180  0.0  0.0 99.00 99.00 99.00 999 1014.3  21.6  27.4  21.3 99.0 99.00
2010 05 24 10 50 282  0.3  1.2 99.00 99.00 99.00 999 1014.3  21.8  27.0  21.5 99.0 99.00
2010 05 24 11 50 285  0.6  1.5 99.00 99.00 99.00 999 1014.6  22.7  26.7  22.1 99.0 99.00
2010 05 24 13 50 319  1.4  3.2 99.00 99.00 99.00 999 1015.7  27.1  29.3  23.1 99.0 99.00
2010 05 24 14 50 303  1.2  3.0 99.00 99.00 99.00 999 1015.8  28.9  29.6  23.2 99.0 99.00
2010 05 24 15 50   1  1.3  3.3 99.00 99.00 99.00 999 1015.6  30.6  30.0  22.7 99.0 99.00
2010 05 24 16 50   8  0.8  1.7 99.00 99.00 99.00 999 1015.4  31.7  30.1  22.3 99.0 99.00
2010 05 24 17 50 180  0.0  0.0 99.00 99.00 99.00 999 1014.8  31.9  30.5  21.2 99.0 99.00
