YYYY MM DD hh mm  WD  WSPD GST  WVHT  DPD   APD  MWD  BAR    ATMP  WTMP  DEWP  VIS  TIDE
2005 07 12 01 00 220  5.0 99.0 99.00 99.00 99.00 999 1019.4  27.5 999.0 999.0 99.0 99.00
2005 07 12 03 00 200  5.0 99.0 99.00 99.00 99.00 999 1019.5  27.5 999.0 999.0 99.0 99.00
2005 07 12 05 00 200  3.0 99.0 99.00 99.00 99.00 999 1019.3  27.5 999.0 999.0 99.0 99.00
2005 07 12 07 00 210  4.0 99.0 99.00 99.00 99.00 999 1018.6  27.3 999.0 999.0 99.0 99.00
2005 07 12 09 00 230  4.0 99.0 99.00 99.00 99.00 999 1018.9  27.5 999.0 999.0 99.0 99.00
2005 07 12 11 00 240  4.0 99.0 99.00 99.00 99.00 999 1019.6  27.5 999.0 999.0 99.0 99.00
2005 07 12 13 00 230  4.0 99.0 99.00 99.00 99.00 999 1020.2  27.7 999.0 999.0 99.0 99.00
2005 07 12 15 00 250  4.0 99.0 99.00 99.00 99.00 999 1020.0  28.1 999.0 999.0 99.0 99.00
2005 07 12 17 00 250  4.0 99.0 99.00 99.00 99.00 999 1019.5  28.3 999.0 999.0 99.0 99.00
2005 07 12 19 00 230  4.0 99.0 99.00 99.00 99.00 999 1018.7  28.8 999.0 999.0 99.0 99.00
2005 07 12 21 00 220  5.0 99.0 99.00 99.00 99.00 999 1017.8  28.5 999.0 999.0 99.0 99.00
2005 07 12 23 00 220  7.0 99.0 99.00 99.00 99.00 999 1017.5  28.7 999.0 999.0 99.0 99.00
2005 07 13 01 00 220  7.0 99.0 99.00 99.00 99.00 999 1017.7  28.0 999.0 999.0 99.0 99.00
2005 07 13 03 00 240  7.0 99.0 99.00 99.00 99.00 999 1017.9  28.0 999.0 999.0 99.0 99.00
2005 07 13 05 00 240  7.0 99.0 99.00 99.00 99.00 999 1016.8  27.9 999.0 999.0 99.0 99.00
2005 07 13 07 00 240  7.0 99.0 99.00 99.00 99.00 999 1016.3  27.9 999.0 999.0 99.0 99.00
2005 07 13 09 00 250  7.0 99.0 99.00 99.00 99.00 999 1016.3  28.0 999.0 999.0 99.0 99.00
2005 07 13 11 00 260  6.0 99.0 99.00 99.00 99.00 999 1016.2  27.9 999.0 999.0 99.0 99.00
2005 07 13 13 00 250  7.0 99.0 99.00 99.00 99.00 999 1017.1  27.8 999.0 999.0 99.0 99.00
2005 07 13 15 00 250  6.0 99.0 99.00 99.00 99.00 999 1016.5  28.3 999.0 999.0 99.0 99.00
2005 07 13 17 00 230  7.0 99.0 99.00 99.00 99.00 999 1015.2  28.4 999.0 999.0 99.0 99.00
2005 07 13 19 00  70  3.0 99.0 99.00 99.00 99.00 999 1015.7  28.0 999.0 999.0 99.0 99.00
2005 07 13 21 00 110  6.0 99.0 99.00 99.00 99.00 999 1015.1  26.3 999.0 999.0 99.0 99.00
2005 07 13 23 00 160  6.0 99.0 99.00 99.00 99.00 999 1014.6  25.9 999.0 999.0 99.0 99.00
2005 07 14 01 00  10  5.0 99.0 99.00 99.00 99.00 999 1015.7  24.5 999.0 999.0 99.0 99.00
2005 07 14 03 00 200  2.0 99.0 99.00 99.00 99.00 999 1015.3  27.1 999.0 999.0 99.0 99.00
2005 07 14 05 00 260  3.0 99.0 99.00 99.00 99.00 999 1014.7  27.2 999.0 999.0 99.0 99.00
2005 07 14 07 00 230  6.0 99.0 99.00 99.00 99.00 999 1014.3  27.5 999.0 999.0 99.0 99.00
2005 07 14 09 00 220  7.0 99.0 99.00 99.00 99.00 999 1014.2  27.5 999.0 999.0 99.0 99.00
2005 07 14 11 00 220  5.0 99.0 99.00 99.00 99.00 999 1015.2  28.1 999.0 999.0 99.0 99.00
2005 07 14 13 00 340  2.0 99.0 99.00 99.00 99.00 999 1016.0  26.7 999.0 999.0 99.0 99.00
2005 07 14 15 00 180  1.0 99.0 99.00 99.00 99.00 999 1016.0  29.4 999.0 999.0 99.0 99.00
2005 07 14 17 00 200  4.0 99.0 99.00 99.00 99.00 999 1016.6  23.9 999.0 999.0 99.0 99.00
2005 07 14 19 00 300  2.0 99.0 99.00 99.00 99.00 999 1015.6  27.0 999.0 999.0 99.0 99.00
2005 07 14 21 00 190  4.0 99.0 99.00 99.00 99.00 999 1014.3  28.6 999.0 999.0 99.0 99.00
2005 07 14 23 00 180  6.0 99.0 99.00 99.00 99.00 999 1014.4  28.3 999.0 999.0 99.0 99.00
2005 07 15 01 00 210  5.0 99.0 99.00 99.00 99.00 999 1015.3  27.7 999.0 999.0 99.0 99.00
2005 07 15 03 00 200  6.0 99.0 99.00 99.00 99.00 999 1015.6  27.7 999.0 999.0 99.0 99.00
2005 07 15 05 00 230  8.0 99.0 99.00 99.00 99.00 999 1015.9  27.8 999.0 999.0 99.0 99.00
2005 07 15 07 00 240  8.0 99.0 99.00 99.00 99.00 999 1015.8  28.0 999.0 999.0 99.0 99.00
2005 07 15 09 00 270  3.0 99.0 99.00 99.00 99.00 999 1016.0  26.7 999.0 999.0 99.0 99.00
2005 07 15 11 00 190  3.0 99.0 99.00 99.00 99.00 999 1017.0  27.7 999.0 999.0 99.0 99.00
2005 07 15 15 00 220  6.0 99.0 99.00 99.00 99.00 999 1018.5  26.5 999.0 999.0 99.0 99.00
2005 07 15 17 00 210  4.0 99.0 99.00 99.00 99.00 999 1018.3  28.9 999.0 999.0 99.0 99.00
2005 07 15 21 00 210  5.0 99.0 99.00 99.00 99.00 999 1017.2  29.5 999.0 999.0 99.0 99.00
2005 07 15 23 00 200  5.0 99.0 99.00 99.00 99.00 999 1017.3  29.5 999.0 999.0 99.0 99.00
2005 07 16 01 00 210  5.0 99.0 99.00 99.00 99.00 999 1018.3  28.3 999.0 999.0 99.0 99.00
2005 07 16 03 00 230  7.0 99.0 99.00 99.00 99.00 999 1018.6  28.2 999.0 999.0 99.0 99.00
2005 07 16 05 00 220  7.0 99.0 99.00 99.00 99.00 999 1019.0  28.2 999.0 999.0 99.0 99.00
2005 07 16 07 00 230  6.0 99.0 99.00 99.00 99.00 999 1019.0  28.1 999.0 999.0 99.0 99.00
2005 07 16 09 00 230  6.0 99.0 99.00 99.00 99.00 999 1019.0  28.0 999.0 999.0 99.0 99.00
2005 07 16 11 00 250  6.0 99.0 99.00 99.00 99.00 999 1019.7  28.2 999.0 999.0 99.0 99.00
2005 07 16 13 00 260  5.0 99.0 99.00 99.00 99.00 999 1020.5  28.4 999.0 999.0 99.0 99.00
2005 07 16 15 00 260  4.0 99.0 99.00 99.00 99.00 999 1020.9  28.6 999.0 999.0 99.0 99.00
2005 07 16 17 00 240  5.0 99.0 99.00 99.00 99.00 999 1020.7  28.6 999.0 999.0 99.0 99.00
2005 07 16 19 00 230  6.0 99.0 99.00 99.00 99.00 999 1019.7  29.3 999.0 999.0 99.0 99.00
2005 07 16 21 00 240  6.0 99.0 99.00 99.00 99.00 999 1018.8  28.9 999.0 999.0 99.0 99.00
2005 07 16 23 00 240  6.0 99.0 99.00 99.00 99.00 999 1018.4  29.3 999.0 999.0 99.0 99.00
2005 07 17 01 00 220  7.0 99.0 99.00 99.00 99.00 999 1019.5  28.3 999.0 999.0 99.0 99.00
2005 07 17 03 00 220  7.0 99.0 99.00 99.00 99.00 999 1019.9  28.3 999.0 999.0 99.0 99.00
2005 07 17 05 00 230  9.0 99.0 99.00 99.00 99.00 999 1019.9  28.2 999.0 999.0 99.0 99.00
2005 07 17 07 00 270  7.0 99.0 99.00 99.00 99.00 999 1019.4  28.1 999.0 999.0 99.0 99.00
2005 07 17 09 00 270  5.0 99.0 99.00 99.00 99.00 999 1019.6  28.1 999.0 999.0 99.0 99.00
2005 07 17 11 00 270  5.0 99.0 99.00 99.00 99.00 999 1020.4  28.1 999.0 999.0 99.0 99.00
2005 07 17 13 00 270  5.0 99.0 99.00 99.00 99.00 999 1020.8  28.4 999.0 999.0 99.0 99.00
2005 07 17 15 00 260  5.0 99.0 99.00 99.00 99.00 999 1021.1  28.6 999.0 999.0 99.0 99.00
2005 07 17 17 00 260  6.0 99.0 99.00 99.00 99.00 999 1020.7  28.8 999.0 999.0 99.0 99.00
2005 07 17 19 00 240  6.0 99.0 99.00 99.00 99.00 999 1019.6  29.1 999.0 999.0 99.0 99.00
2005 07 17 21 00 220  6.0 99.0 99.00 99.00 99.00 999 1018.9  28.9 999.0 999.0 99.0 99.00
2005 07 17 23 00 210  6.0 99.0 99.00 99.00 99.00 999 1018.4  28.6 999.0 999.0 99.0 99.00
2005 07 18 01 00 220  7.0 99.0 99.00 99.00 99.00 999 1019.1  28.4 999.0 999.0 99.0 99.00
2005 07 18 03 00 220  7.0 99.0 99.00 99.00 99.00 999 1019.7  28.4 999.0 999.0 99.0 99.00
2005 07 18 05 00 230  8.0 99.0 99.00 99.00 99.00 999 1019.5  28.3 999.0 999.0 99.0 99.00
2005 07 18 07 00 250  6.0 99.0 99.00 99.00 99.00 999 1019.0  28.4 999.0 999.0 99.0 99.00
2005 07 18 09 00 260  6.0 99.0 99.00 99.00 99.00 999 1018.6  28.3 999.0 999.0 99.0 99.00
2005 07 18 11 00 270  7.0 99.0 99.00 99.00 99.00 999 1019.2  28.2 999.0 999.0 99.0 99.00
2005 07 18 13 00 270  7.0 99.0 99.00 99.00 99.00 999 1019.9  28.1 999.0 999.0 99.0 99.00
2005 07 18 15 00 250  6.0 99.0 99.00 99.00 99.00 999 1020.2  28.5 999.0 999.0 99.0 99.00
2005 07 18 17 00 240  7.0 99.0 99.00 99.00 99.00 999 1019.9  28.3 999.0 999.0 99.0 99.00
2005 07 18 19 00 230  7.0 99.0 99.00 99.00 99.00 999 1019.3  28.9 999.0 999.0 99.0 99.00
2005 07 18 23 00 250  7.0 99.0 99.00 99.00 99.00 999 1018.2  28.5 999.0 999.0 99.0 99.00
2005 07 19 01 00 240  8.0 99.0 99.00 99.00 99.00 999 1018.6  28.5 999.0 999.0 99.0 99.00
2005 07 19 03 00 240  8.0 99.0 99.00 99.00 99.00 999 1018.4  28.4 999.0 999.0 99.0 99.00
2005 07 19 05 00 250  7.0 99.0 99.00 99.00 99.00 999 1018.7  28.4 999.0 999.0 99.0 99.00
2005 07 19 07 00 260  8.0 99.0 99.00 99.00 99.00 999 1018.3  28.2 999.0 999.0 99.0 99.00
2005 07 19 09 00 250  7.0 99.0 99.00 99.00 99.00 999 1018.4  28.0 999.0 999.0 99.0 99.00
2005 07 19 11 00 250  6.0 99.0 99.00 99.00 99.00 999 1019.1  28.0 999.0 999.0 99.0 99.00
2005 07 19 15 00 260  6.0 99.0 99.00 99.00 99.00 999 1019.7  28.6 999.0 999.0 99.0 99.00
2005 07 19 17 00 240  7.0 99.0 99.00 99.00 99.00 999 1019.6  28.7 999.0 999.0 99.0 99.00
2005 07 19 19 00 230  7.0 99.0 99.00 99.00 99.00 999 1018.4  29.0 999.0 999.0 99.0 99.00
2005 07 19 21 00 230  7.0 99.0 99.00 99.00 99.00 999 1017.3  29.2 999.0 999.0 99.0 99.00
2005 07 19 23 00 230  7.0 99.0 99.00 99.00 99.00 999 1016.6  29.0 999.0 999.0 99.0 99.00
2005 07 20 03 00 240  8.0 99.0 99.00 99.00 99.00 999 1019.1  28.4 999.0 999.0 99.0 99.00
2005 07 20 05 00 240  9.0 99.0 99.00 99.00 99.00 999 1018.9  28.5 999.0 999.0 99.0 99.00
2005 07 20 07 00 240  8.0 99.0 99.00 99.00 99.00 999 1018.5  28.4 999.0 999.0 99.0 99.00
2005 07 20 11 00 260  8.0 99.0 99.00 99.00 99.00 999 1018.2  28.2 999.0 999.0 99.0 99.00
2005 07 20 13 00 270  7.0 99.0 99.00 99.00 99.00 999 1019.0  28.1 999.0 999.0 99.0 99.00
2005 07 20 15 00 260  6.0 99.0 99.00 99.00 99.00 999 1019.6  28.4 999.0 999.0 99.0 99.00
2005 07 20 17 00 240  7.0 99.0 99.00 99.00 99.00 999 1018.8  28.7 999.0 999.0 99.0 99.00
2005 07 20 19 00 240  7.0 99.0 99.00 99.00 99.00 999 1017.7  29.2 999.0 999.0 99.0 99.00
2005 07 20 21 00 240  8.0 99.0 99.00 99.00 99.00 999 1017.4  28.9 999.0 999.0 99.0 99.00
2005 07 20 23 00 230  6.0 99.0 99.00 99.00 99.00 999 1016.7  28.5 999.0 999.0 99.0 99.00
2005 07 21 01 00 230  6.0 99.0 99.00 99.00 99.00 999 1018.0  28.6 999.0 999.0 99.0 99.00
2005 07 21 03 00 230  7.0 99.0 99.00 99.00 99.00 999 1018.6  28.6 999.0 999.0 99.0 99.00
2005 07 21 05 00 230  8.0 99.0 99.00 99.00 99.00 999 1018.5  28.4 999.0 999.0 99.0 99.00
2005 07 21 07 00 260  7.0 99.0 99.00 99.00 99.00 999 1017.5  27.9 999.0 999.0 99.0 99.00
2005 07 21 09 00 270  8.0 99.0 99.00 99.00 99.00 999 1016.9  28.3 999.0 999.0 99.0 99.00
2005 07 21 13 00  20  3.0 99.0 99.00 99.00 99.00 999 1019.2  26.8 999.0 999.0 99.0 99.00
2005 07 21 15 00 250  4.0 99.0 99.00 99.00 99.00 999 1018.3  27.8 999.0 999.0 99.0 99.00
2005 07 21 17 00 250  3.0 99.0 99.00 99.00 99.00 999 1017.8  28.5 999.0 999.0 99.0 99.00
2005 07 21 19 00 220  6.0 99.0 99.00 99.00 99.00 999 1016.8  29.0 999.0 999.0 99.0 99.00
2005 07 21 21 00 230  8.0 99.0 99.00 99.00 99.00 999 1016.1  28.5 999.0 999.0 99.0 99.00
2005 07 21 23 00 230  8.0 99.0 99.00 99.00 99.00 999 1015.7  28.7 999.0 999.0 99.0 99.00
2005 07 22 01 00 250  6.0 99.0 99.00 99.00 99.00 999 1016.2  28.8 999.0 999.0 99.0 99.00
2005 07 22 03 00 230  7.0 99.0 99.00 99.00 99.00 999 1016.5  28.7 999.0 999.0 99.0 99.00
2005 07 22 05 00 230  8.0 99.0 99.00 99.00 99.00 999 1016.1  28.5 999.0 999.0 99.0 99.00
2005 07 22 07 00 250  7.0 99.0 99.00 99.00 99.00 999 1015.5  28.5 999.0 999.0 99.0 99.00
2005 07 22 09 00 260  6.0 99.0 99.00 99.00 99.00 999 1015.6  28.3 999.0 999.0 99.0 99.00
2005 07 22 11 00 260  6.0 99.0 99.00 99.00 99.00 999 1015.7  28.1 999.0 999.0 99.0 99.00
2005 07 22 13 00 260  6.0 99.0 99.00 99.00 99.00 999 1016.2  28.0 999.0 999.0 99.0 99.00
2005 07 22 15 00 240  6.0 99.0 99.00 99.00 99.00 999 1016.2  28.4 999.0 999.0 99.0 99.00
2005 07 22 17 00 240  6.0 99.0 99.00 99.00 99.00 999 1016.1  28.8 999.0 999.0 99.0 99.00
2005 07 22 19 00 220  6.0 99.0 99.00 99.00 99.00 999 1015.6  29.4 999.0 999.0 99.0 99.00
2005 07 22 21 00 210 10.0 99.0 99.00 99.00 99.00 999 1014.4  29.4 999.0 999.0 99.0 99.00
2005 07 22 23 00 230  9.0 99.0 99.00 99.00 99.00 999 1013.3  28.7 999.0 999.0 99.0 99.00
2005 07 23 01 00 230  5.0 99.0 99.00 99.00 99.00 999 1014.6  28.7 999.0 999.0 99.0 99.00
2005 07 23 03 00 230  7.0 99.0 99.00 99.00 99.00 999 1015.0  28.6 999.0 999.0 99.0 99.00
2005 07 23 05 00 230  6.0 99.0 99.00 99.00 99.00 999 1014.2  28.6 999.0 999.0 99.0 99.00
2005 07 23 07 00 340  7.0 99.0 99.00 99.00 99.00 999 1014.0  25.5 999.0 999.0 99.0 99.00
2005 07 23 09 00 170  4.0 99.0 99.00 99.00 99.00 999 1014.2  24.9 999.0 999.0 99.0 99.00
2005 07 23 11 00 170  5.0 99.0 99.00 99.00 99.00 999 1015.0  25.1 999.0 999.0 99.0 99.00
2005 07 23 13 00 330  1.0 99.0 99.00 99.00 99.00 999 1014.9  26.3 999.0 999.0 99.0 99.00
2005 07 23 15 00  30  6.0 99.0 99.00 99.00 99.00 999 1015.1  26.9 999.0 999.0 99.0 99.00
2005 07 23 17 00  10  5.0 99.0 99.00 99.00 99.00 999 1015.3  27.0 999.0 999.0 99.0 99.00
2005 07 23 21 00  50  2.0 99.0 99.00 99.00 99.00 999 1013.9  29.7 999.0 999.0 99.0 99.00
2005 07 23 23 00 100  2.0 99.0 99.00 99.00 99.00 999 1014.4  29.0 999.0 999.0 99.0 99.00
2005 07 24 03 00  50  6.0 99.0 99.00 99.00 99.00 999 1015.5  28.2 999.0 999.0 99.0 99.00
2005 07 24 05 00  40  8.0 99.0 99.00 99.00 99.00 999 1015.9  27.9 999.0 999.0 99.0 99.00
2005 07 24 07 00  50  7.0 99.0 99.00 99.00 99.00 999 1016.0  27.6 999.0 999.0 99.0 99.00
2005 07 24 09 00  50 10.0 99.0 99.00 99.00 99.00 999 1016.1  27.7 999.0 999.0 99.0 99.00
2005 07 24 13 00  50  7.0 99.0 99.00 99.00 99.00 999 1017.1  27.4 999.0 999.0 99.0 99.00
2005 07 24 15 00  40  7.0 99.0 99.00 99.00 99.00 999 1018.1  27.7 999.0 999.0 99.0 99.00
2005 07 24 17 00  40  7.0 99.0 99.00 99.00 99.00 999 1018.6  28.5 999.0 999.0 99.0 99.00
2005 07 24 21 00  70  7.0 99.0 99.00 99.00 99.00 999 1017.4  28.3 999.0 999.0 99.0 99.00
2005 07 24 23 00  70  7.0 99.0 99.00 99.00 99.00 999 1016.6  28.0 999.0 999.0 99.0 99.00
2005 07 25 01 00  80  8.0 99.0 99.00 99.00 99.00 999 1016.3  27.1 999.0 999.0 99.0 99.00
2005 07 25 03 00  90  6.0 99.0 99.00 99.00 99.00 999 1017.0  27.1 999.0 999.0 99.0 99.00
2005 07 25 05 00  90  4.0 99.0 99.00 99.00 99.00 999 1017.3  27.1 999.0 999.0 99.0 99.00
2005 07 25 07 00 100  2.0 99.0 99.00 99.00 99.00 999 1016.6  26.7 999.0 999.0 99.0 99.00
2005 07 25 09 00  30  1.0 99.0 99.00 99.00 99.00 999 1017.0  26.7 999.0 999.0 99.0 99.00
2005 07 25 11 00 340  2.0 99.0 99.00 99.00 99.00 999 1017.3  26.9 999.0 999.0 99.0 99.00
2005 07 25 13 00 360  4.0 99.0 99.00 99.00 99.00 999 1017.3  26.8 999.0 999.0 99.0 99.00
2005 07 25 15 00 350  2.0 99.0 99.00 99.00 99.00 999 1017.3  27.5 999.0 999.0 99.0 99.00
2005 07 25 21 00 220  4.0 99.0 99.00 99.00 99.00 999 1014.9  28.7 999.0 999.0 99.0 99.00
2005 07 25 23 00 230  6.0 99.0 99.00 99.00 99.00 999 1013.6  28.3 999.0 999.0 99.0 99.00
2005 07 26 01 00 230  6.0 99.0 99.00 99.00 99.00 999 1014.6  28.0 999.0 999.0 99.0 99.00
2005 07 26 03 00 230  6.0 99.0 99.00 99.00 99.00 999 1014.7  28.2 999.0 999.0 99.0 99.00
2005 07 26 05 00 240  7.0 99.0 99.00 99.00 99.00 999 1014.1  28.2 999.0 999.0 99.0 99.00
2005 07 26 07 00 240  6.0 99.0 99.00 99.00 99.00 999 1012.8  28.1 999.0 999.0 99.0 99.00
2005 07 26 09 00 250  6.0 99.0 99.00 99.00 99.00 999 1012.7  28.1 999.0 999.0 99.0 99.00
2005 07 26 11 00 250  5.0 99.0 99.00 99.00 99.00 999 1013.5  28.4 999.0 999.0 99.0 99.00
2005 07 26 13 00 290  4.0 99.0 99.00 99.00 99.00 999 1013.7  28.5 999.0 999.0 99.0 99.00
2005 07 26 15 00 250  3.0 99.0 99.00 99.00 99.00 999 1013.6  28.8 999.0 999.0 99.0 99.00
2005 07 26 17 00 260  4.0 99.0 99.00 99.00 99.00 999 1013.3  29.2 999.0 999.0 99.0 99.00
2005 07 26 19 00 270  3.0 99.0 99.00 99.00 99.00 999 1012.7  30.0 999.0 999.0 99.0 99.00
2005 07 26 21 00 260  5.0 99.0 99.00 99.00 99.00 999 1011.9  30.0 999.0 999.0 99.0 99.00
2005 07 26 23 00 230  4.0 99.0 99.00 99.00 99.00 999 1011.9  29.8 999.0 999.0 99.0 99.00
2005 07 27 03 00 230  5.0 99.0 99.00 99.00 99.00 999 1012.2  29.2 999.0 999.0 99.0 99.00
2005 07 27 05 00 270  4.0 99.0 99.00 99.00 99.00 999 1012.0  28.9 999.0 999.0 99.0 99.00
2005 07 27 07 00 280  2.0 99.0 99.00 99.00 99.00 999 1011.7  28.7 999.0 999.0 99.0 99.00
2005 07 27 09 00 320  2.0 99.0 99.00 99.00 99.00 999 1011.7  28.7 999.0 999.0 99.0 99.00
2005 07 27 11 00   0  0.0 99.0 99.00 99.00 99.00 999 1012.3  28.9 999.0 999.0 99.0 99.00
2005 07 27 13 00   0  0.0 99.0 99.00 99.00 99.00 999 1012.6  30.7 999.0 999.0 99.0 99.00
2005 07 27 15 00 160  3.0 99.0 99.00 99.00 99.00 999 1012.8  30.9 999.0 999.0 99.0 99.00
2005 07 27 17 00 220  3.0 99.0 99.00 99.00 99.00 999 1012.3  30.6 999.0 999.0 99.0 99.00
2005 07 27 21 00 220  4.0 99.0 99.00 99.00 99.00 999 1010.6  30.9 999.0 999.0 99.0 99.00
2005 07 28 01 00 230  4.0 99.0 99.00 99.00 99.00 999 1011.6  29.6 999.0 999.0 99.0 99.00
2005 07 28 03 00 240  4.0 99.0 99.00 99.00 99.00 999 1012.2  29.5 999.0 999.0 99.0 99.00
2005 07 28 05 00 260  6.0 99.0 99.00 99.00 99.00 999 1011.6  29.9 999.0 999.0 99.0 99.00
2005 07 28 07 00 250  5.0 99.0 99.00 99.00 99.00 999 1011.5  29.3 999.0 999.0 99.0 99.00
2005 07 28 11 00 300  3.0 99.0 99.00 99.00 99.00 999 1012.9  29.2 999.0 999.0 99.0 99.00
2005 07 28 13 00 320  3.0 99.0 99.00 99.00 99.00 999 1013.9  29.0 999.0 999.0 99.0 99.00
2005 07 28 15 00  50  4.0 99.0 99.00 99.00 99.00 999 1014.9  29.0 999.0 999.0 99.0 99.00
2005 07 28 17 00  90  2.0 99.0 99.00 99.00 99.00 999 1015.0  30.6 999.0 999.0 99.0 99.00
2005 07 28 19 00  80  2.0 99.0 99.00 99.00 99.00 999 1015.1  31.2 999.0 999.0 99.0 99.00
2005 07 28 21 00 110  4.0 99.0 99.00 99.00 99.00 999 1014.9  31.0 999.0 999.0 99.0 99.00
2005 07 28 23 00 130  5.0 99.0 99.00 99.00 99.00 999 1014.7  30.3 999.0 999.0 99.0 99.00
2005 07 29 01 00 100  5.0 99.0 99.00 99.00 99.00 999 1016.4  29.4 999.0 999.0 99.0 99.00
2005 07 29 03 00 110  7.0 99.0 99.00 99.00 99.00 999 1016.9  29.3 999.0 999.0 99.0 99.00
2005 07 29 05 00 150  5.0 99.0 99.00 99.00 99.00 999 1017.1  29.0 999.0 999.0 99.0 99.00
2005 07 29 07 00 270  4.0 99.0 99.00 99.00 99.00 999 1016.7  29.2 999.0 999.0 99.0 99.00
2005 07 29 09 00 360 11.0 99.0 99.00 99.00 99.00 999 1016.8  26.7 999.0 999.0 99.0 99.00
2005 07 29 11 00 130 10.0 99.0 99.00 99.00 99.00 999 1019.4  25.3 999.0 999.0 99.0 99.00
2005 07 29 13 00 100  9.0 99.0 99.00 99.00 99.00 999 1019.3  27.1 999.0 999.0 99.0 99.00
2005 07 29 15 00 140  7.0 99.0 99.00 99.00 99.00 999 1019.7  28.0 999.0 999.0 99.0 99.00
2005 07 29 17 00 140  5.0 99.0 99.00 99.00 99.00 999 1019.5  28.7 999.0 999.0 99.0 99.00
2005 07 29 19 00 210  3.0 99.0 99.00 99.00 99.00 999 1019.4  29.8 999.0 999.0 99.0 99.00
2005 07 29 21 00 180  5.0 99.0 99.00 99.00 99.00 999 1018.3  29.5 999.0 999.0 99.0 99.00
2005 07 29 23 00 210  5.0 99.0 99.00 99.00 99.00 999 1019.0  29.1 999.0 999.0 99.0 99.00
2005 07 30 01 00 220  4.0 99.0 99.00 99.00 99.00 999 1019.9  28.6 999.0 999.0 99.0 99.00
2005 07 30 03 00 230  3.0 99.0 99.00 99.00 99.00 999 1019.9  28.4 999.0 999.0 99.0 99.00
2005 07 30 05 00  40  2.0 99.0 99.00 99.00 99.00 999 1019.9  28.1 999.0 999.0 99.0 99.00
2005 07 30 07 00  60  2.0 99.0 99.00 99.00 99.00 999 1019.0  27.5 999.0 999.0 99.0 99.00
2005 11 15 04 00 190  5.0 99.0 99.00 99.00 99.00 999 9999.0 999.0 999.0 999.0 99.0 99.00
2005 11 15 16 00   0  0.0 99.0 99.00 99.00 99.00 999 9999.0 999.0 999.0 999.0 99.0 99.00
2005 11 15 18 00 110  4.0 99.0 99.00 99.00 99.00 999 9999.0 999.0 999.0 999.0 99.0 99.00
2005 11 15 20 00  60  4.0 99.0 99.00 99.00 99.00 999 9999.0 999.0 999.0 999.0 99.0 99.00
2005 11 16 00 00 190  6.0 99.0 99.00 99.00 99.00 999 9999.0 999.0 999.0 999.0 99.0 99.00
2005 11 16 02 00 170  6.0 99.0 99.00 99.00 99.00 999 9999.0 999.0 999.0 999.0 99.0 99.00
2005 11 16 04 00 170  8.0 99.0 99.00 99.00 99.00 999 9999.0 999.0 999.0 999.0 99.0 99.00
2005 11 16 06 00 190 10.0 99.0 99.00 99.00 99.00 999 9999.0 999.0 999.0 999.0 99.0 99.00
2005 11 16 08 00 190  6.0 99.0 99.00 99.00 99.00 999 9999.0 999.0 999.0 999.0 99.0 99.00
2005 11 16 10 00 250  8.0 99.0 99.00 99.00 99.00 999 9999.0 999.0 999.0 999.0 99.0 99.00
2005 11 16 12 00 180  6.0 99.0 99.00 99.00 99.00 999 9999.0 999.0 999.0 999.0 99.0 99.00
2005 11 16 14 00 200  6.0 99.0 99.00 99.00 99.00 999 9999.0 999.0 999.0 999.0 99.0 99.00
2005 11 16 16 00 250  5.0 99.0 99.00 99.00 99.00 999 9999.0 999.0 999.0 999.0 99.0 99.00
2005 11 16 20 00 210  5.0 99.0 99.00 99.00 99.00 999 9999.0 999.0 999.0 999.0 99.0 99.00
2005 11 17 00 00 220  6.0 99.0 99.00 99.00 99.00 999 9999.0 999.0 999.0 999.0 99.0 99.00
2005 11 17 02 00 180  6.0 99.0 99.00 99.00 99.00 999 9999.0 999.0 999.0 999.0 99.0 99.00
2005 11 17 04 00 200  7.0 99.0 99.00 99.00 99.00 999 9999.0 999.0 999.0 999.0 99.0 99.00
2005 11 17 06 00 230  7.0 99.0 99.00 99.00 99.00 999 9999.0 999.0 999.0 999.0 99.0 99.00
2005 11 17 08 00 270  5.0 99.0 99.00 99.00 99.00 999 9999.0 999.0 999.0 999.0 99.0 99.00
2005 11 17 10 00  10 10.0 99.0 99.00 99.00 99.00 999 9999.0 999.0 999.0 999.0 99.0 99.00
2005 11 17 12 00  10 11.0 99.0 99.00 99.00 99.00 999 9999.0 999.0 999.0 999.0 99.0 99.00
2005 11 17 16 00  10 10.0 99.0 99.00 99.00 99.00 999 9999.0 999.0 999.0 999.0 99.0 99.00
2005 11 17 18 00  20 11.0 99.0 99.00 99.00 99.00 999 9999.0 999.0 999.0 999.0 99.0 99.00
2005 11 17 20 00  30  8.0 99.0 99.00 99.00 99.00 999 9999.0 999.0 999.0 999.0 99.0 99.00
2005 11 17 22 00  10  8.0 99.0 99.00 99.00 99.00 999 9999.0 999.0 999.0 999.0 99.0 99.00
2005 11 18 00 00 360  9.0 99.0 99.00 99.00 99.00 999 9999.0 999.0 999.0 999.0 99.0 99.00
2005 11 18 02 00  20 11.0 99.0 99.00 99.00 99.00 999 9999.0 999.0 999.0 999.0 99.0 99.00
2005 11 18 04 00  40 10.0 99.0 99.00 99.00 99.00 999 9999.0 999.0 999.0 999.0 99.0 99.00
2005 11 18 08 00  40  8.0 99.0 99.00 99.00 99.00 999 9999.0 999.0 999.0 999.0 99.0 99.00
2005 11 18 10 00  40  9.0 99.0 99.00 99.00 99.00 999 9999.0 999.0 999.0 999.0 99.0 99.00
2005 11 18 12 00  30 11.0 99.0 99.00 99.00 99.00 999 9999.0 999.0 999.0 999.0 99.0 99.00
2005 11 18 14 00  30 11.0 99.0 99.00 99.00 99.00 999 9999.0 999.0 999.0 999.0 99.0 99.00
2005 11 18 16 00  20 10.0 99.0 99.00 99.00 99.00 999 9999.0 999.0 999.0 999.0 99.0 99.00
2005 11 18 18 00  20  9.0 99.0 99.00 99.00 99.00 999 9999.0 999.0 999.0 999.0 99.0 99.00
2005 11 18 20 00  40  7.0 99.0 99.00 99.00 99.00 999 9999.0 999.0 999.0 999.0 99.0 99.00
2005 11 18 22 00  40  8.0 99.0 99.00 99.00 99.00 999 9999.0 999.0 999.0 999.0 99.0 99.00
2005 11 19 00 00  40  7.0 99.0 99.00 99.00 99.00 999 9999.0 999.0 999.0 999.0 99.0 99.00
2005 11 19 02 00  40  9.0 99.0 99.00 99.00 99.00 999 9999.0 999.0 999.0 999.0 99.0 99.00
2005 11 19 04 00  50  9.0 99.0 99.00 99.00 99.00 999 9999.0 999.0 999.0 999.0 99.0 99.00
2005 11 19 06 00  40  5.0 99.0 99.00 99.00 99.00 999 9999.0 999.0 999.0 999.0 99.0 99.00
2005 11 19 08 00  40  9.0 99.0 99.00 99.00 99.00 999 9999.0 999.0 999.0 999.0 99.0 99.00
2005 11 19 10 00  50  8.0 99.0 99.00 99.00 99.00 999 9999.0 999.0 999.0 999.0 99.0 99.00
2005 11 19 12 00  50  9.0 99.0 99.00 99.00 99.00 999 9999.0 999.0 999.0 999.0 99.0 99.00
2005 11 19 14 00  60 10.0 99.0 99.00 99.00 99.00 999 9999.0 999.0 999.0 999.0 99.0 99.00
2005 11 19 16 00  60  9.0 99.0 99.00 99.00 99.00 999 9999.0 999.0 999.0 999.0 99.0 99.00
2005 11 19 20 00  50 10.0 99.0 99.00 99.00 99.00 999 9999.0 999.0 999.0 999.0 99.0 99.00
2005 11 19 22 00  70  7.0 99.0 99.00 99.00 99.00 999 9999.0 999.0 999.0 999.0 99.0 99.00
2005 11 20 00 00  70  9.0 99.0 99.00 99.00 99.00 999 9999.0 999.0 999.0 999.0 99.0 99.00
2005 11 20 02 00  60  8.0 99.0 99.00 99.00 99.00 999 9999.0 999.0 999.0 999.0 99.0 99.00
2005 11 20 04 00 140  4.0 99.0 99.00 99.00 99.00 999 9999.0 999.0 999.0 999.0 99.0 99.00
2005 11 20 06 00 120  5.0 99.0 99.00 99.00 99.00 999 9999.0 999.0 999.0 999.0 99.0 99.00
2005 11 20 08 00 130  5.0 99.0 99.00 99.00 99.00 999 9999.0 999.0 999.0 999.0 99.0 99.00
2005 11 20 10 00  30  5.0 99.0 99.00 99.00 99.00 999 9999.0 999.0 999.0 999.0 99.0 99.00
2005 11 20 12 00  50  5.0 99.0 99.00 99.00 99.00 999 9999.0 999.0 999.0 999.0 99.0 99.00
2005 11 20 14 00  30  8.0 99.0 99.00 99.00 99.00 999 9999.0 999.0 999.0 999.0 99.0 99.00
2005 11 20 16 00  30  8.0 99.0 99.00 99.00 99.00 999 9999.0 999.0 999.0 999.0 99.0 99.00
2005 11 20 18 00  60  6.0 99.0 99.00 99.00 99.00 999 9999.0 999.0 999.0 999.0 99.0 99.00
2005 11 20 20 00  70  7.0 99.0 99.00 99.00 99.00 999 9999.0 999.0 999.0 999.0 99.0 99.00
2005 11 20 22 00 250  6.0 99.0 99.00 99.00 99.00 999 9999.0 999.0 999.0 999.0 99.0 99.00
2005 11 21 00 00  40  4.0 99.0 99.00 99.00 99.00 999 9999.0 999.0 999.0 999.0 99.0 99.00
2005 11 21 02 00  40  5.0 99.0 99.00 99.00 99.00 999 9999.0 999.0 999.0 999.0 99.0 99.00
2005 11 21 04 00 140  7.0 99.0 99.00 99.00 99.00 999 9999.0 999.0 999.0 999.0 99.0 99.00
2005 11 21 08 00 150  7.0 99.0 99.00 99.00 99.00 999 9999.0 999.0 999.0 999.0 99.0 99.00
2005 11 21 10 00 140  9.0 99.0 99.00 99.00 99.00 999 9999.0 999.0 999.0 999.0 99.0 99.00
2005 11 21 12 00 130 12.0 99.0 99.00 99.00 99.00 999 9999.0 999.0 999.0 999.0 99.0 99.00
2005 11 21 14 00 150 15.0 99.0 99.00 99.00 99.00 999 9999.0 999.0 999.0 999.0 99.0 99.00
2005 11 21 16 00 150 15.0 99.0 99.00 99.00 99.00 999 9999.0 999.0 999.0 999.0 99.0 99.00
2005 11 22 00 00 240  8.0 99.0 99.00 99.00 99.00 999 9999.0 999.0 999.0 999.0 99.0 99.00
2005 11 22 02 00 240 11.0 99.0 99.00 99.00 99.00 999 9999.0 999.0 999.0 999.0 99.0 99.00
2005 11 22 04 00 230 12.0 99.0 99.00 99.00 99.00 999 9999.0 999.0 999.0 999.0 99.0 99.00
2005 11 22 06 00 230 14.0 99.0 99.00 99.00 99.00 999 9999.0 999.0 999.0 999.0 99.0 99.00
2005 11 22 08 00 250 14.0 99.0 99.00 99.00 99.00 999 9999.0 999.0 999.0 999.0 99.0 99.00
2005 11 22 10 00 260 15.0 99.0 99.00 99.00 99.00 999 9999.0 999.0 999.0 999.0 99.0 99.00
2005 11 22 12 00 280 15.0 99.0 99.00 99.00 99.00 999 9999.0 999.0 999.0 999.0 99.0 99.00
2005 11 22 14 00 320 14.0 99.0 99.00 99.00 99.00 999 9999.0 999.0 999.0 999.0 99.0 99.00
2005 11 22 16 00 290 12.0 99.0 99.00 99.00 99.00 999 9999.0 999.0 999.0 999.0 99.0 99.00
2005 11 22 18 00 290  9.0 99.0 99.00 99.00 99.00 999 9999.0 999.0 999.0 999.0 99.0 99.00
2005 11 22 20 00 290 11.0 99.0 99.00 99.00 99.00 999 9999.0 999.0 999.0 999.0 99.0 99.00
2005 11 22 22 00 310 11.0 99.0 99.00 99.00 99.00 999 9999.0 999.0 999.0 999.0 99.0 99.00
2005 11 23 02 00 310 15.0 99.0 99.00 99.00 99.00 999 9999.0 999.0 999.0 999.0 99.0 99.00
2005 11 23 04 00 310 13.0 99.0 99.00 99.00 99.00 999 9999.0 999.0 999.0 999.0 99.0 99.00
2005 11 23 06 00 310 12.0 99.0 99.00 99.00 99.00 999 9999.0 999.0 999.0 999.0 99.0 99.00
2005 11 23 08 00 320 13.0 99.0 99.00 99.00 99.00 999 9999.0 999.0 999.0 999.0 99.0 99.00
2005 11 23 10 00 320 11.0 99.0 99.00 99.00 99.00 999 9999.0 999.0 999.0 999.0 99.0 99.00
2005 11 23 12 00 330 12.0 99.0 99.00 99.00 99.00 999 9999.0 999.0 999.0 999.0 99.0 99.00
2005 11 23 16 00 290  6.0 99.0 99.00 99.00 99.00 999 9999.0 999.0 999.0 999.0 99.0 99.00
2005 11 23 20 00 220  9.0 99.0 99.00 99.00 99.00 999 9999.0 999.0 999.0 999.0 99.0 99.00
2005 11 23 22 00 250  9.0 99.0 99.00 99.00 99.00 999 9999.0 999.0 999.0 999.0 99.0 99.00
2005 11 24 00 00 250  8.0 99.0 99.00 99.00 99.00 999 9999.0 999.0 999.0 999.0 99.0 99.00
2005 11 24 02 00 240  8.0 99.0 99.00 99.00 99.00 999 9999.0 999.0 999.0 999.0 99.0 99.00
2005 11 24 04 00 250 12.0 99.0 99.00 99.00 99.00 999 9999.0 999.0 999.0 999.0 99.0 99.00
2005 11 24 10 00 240 12.0 99.0 99.00 99.00 99.00 999 9999.0 999.0 999.0 999.0 99.0 99.00
2005 11 24 20 00 240 10.0 99.0 99.00 99.00 99.00 999 9999.0 999.0 999.0 999.0 99.0 99.00
2005 11 24 22 00 230 13.0 99.0 99.00 99.00 99.00 999 9999.0 999.0 999.0 999.0 99.0 99.00
2005 11 25 02 00 240  7.0 99.0 99.00 99.00 99.00 999 9999.0 999.0 999.0 999.0 99.0 99.00
2005 11 25 04 00 240  7.0 99.0 99.00 99.00 99.00 999 9999.0 999.0 999.0 999.0 99.0 99.00
2005 11 25 06 00 270  5.0 99.0 99.00 99.00 99.00 999 9999.0 999.0 999.0 999.0 99.0 99.00
2005 11 25 08 00 360 10.0 99.0 99.00 99.00 99.00 999 9999.0 999.0 999.0 999.0 99.0 99.00
2005 11 25 10 00  40 14.0 99.0 99.00 99.00 99.00 999 9999.0 999.0 999.0 999.0 99.0 99.00
2005 11 25 12 00  30 10.0 99.0 99.00 99.00 99.00 999 9999.0 999.0 999.0 999.0 99.0 99.00
2005 11 25 14 00  80  4.0 99.0 99.00 99.00 99.00 999 9999.0 999.0 999.0 999.0 99.0 99.00
2005 11 25 16 00  30 10.0 99.0 99.00 99.00 99.00 999 9999.0 999.0 999.0 999.0 99.0 99.00
2005 11 25 18 00  50  8.0 99.0 99.00 99.00 99.00 999 9999.0 999.0 999.0 999.0 99.0 99.00
2005 11 25 20 00  50  8.0 99.0 99.00 99.00 99.00 999 9999.0 999.0 999.0 999.0 99.0 99.00
2005 11 26 00 00  70  6.0 99.0 99.00 99.00 99.00 999 9999.0 999.0 999.0 999.0 99.0 99.00
2005 11 26 02 00  50  8.0 99.0 99.00 99.00 99.00 999 9999.0 999.0 999.0 999.0 99.0 99.00
2005 11 26 04 00  60  3.0 99.0 99.00 99.00 99.00 999 9999.0 999.0 999.0 999.0 99.0 99.00
2005 11 26 06 00  10  2.0 99.0 99.00 99.00 99.00 999 9999.0 999.0 999.0 999.0 99.0 99.00
2005 11 26 08 00 110  3.0 99.0 99.00 99.00 99.00 999 9999.0 999.0 999.0 999.0 99.0 99.00
2005 11 26 10 00  50  7.0 99.0 99.00 99.00 99.00 999 9999.0 999.0 999.0 999.0 99.0 99.00
2005 11 26 12 00  60  4.0 99.0 99.00 99.00 99.00 999 9999.0 999.0 999.0 999.0 99.0 99.00
2005 11 26 14 00  50  5.0 99.0 99.00 99.00 99.00 999 9999.0 999.0 999.0 999.0 99.0 99.00
2005 11 26 18 00 170  2.0 99.0 99.00 99.00 99.00 999 9999.0 999.0 999.0 999.0 99.0 99.00
2005 11 26 20 00  40  5.0 99.0 99.00 99.00 99.00 999 9999.0 999.0 999.0 999.0 99.0 99.00
2005 11 26 22 00  30  5.0 99.0 99.00 99.00 99.00 999 9999.0 999.0 999.0 999.0 99.0 99.00
2005 11 27 12 00  60  6.0 99.0 99.00 99.00 99.00 999 9999.0 999.0 999.0 999.0 99.0 99.00
2005 11 27 14 00 110  6.0 99.0 99.00 99.00 99.00 999 9999.0 999.0 999.0 999.0 99.0 99.00
2005 11 28 00 00 130  7.0 99.0 99.00 99.00 99.00 999 9999.0 999.0 999.0 999.0 99.0 99.00
2005 11 28 02 00 120  6.0 99.0 99.00 99.00 99.00 999 9999.0 999.0 999.0 999.0 99.0 99.00
2005 11 28 04 00 170  6.0 99.0 99.00 99.00 99.00 999 9999.0 999.0 999.0 999.0 99.0 99.00
2005 11 28 06 00 130  9.0 99.0 99.00 99.00 99.00 999 9999.0 999.0 999.0 999.0 99.0 99.00
2005 11 28 08 00 130  6.0 99.0 99.00 99.00 99.00 999 9999.0 999.0 999.0 999.0 99.0 99.00
2005 11 28 10 00 180  5.0 99.0 99.00 99.00 99.00 999 9999.0 999.0 999.0 999.0 99.0 99.00
2005 11 28 12 00 150  7.0 99.0 99.00 99.00 99.00 999 9999.0 999.0 999.0 999.0 99.0 99.00
2005 11 28 14 00 120  8.0 99.0 99.00 99.00 99.00 999 9999.0 999.0 999.0 999.0 99.0 99.00
2005 11 28 16 00 130  5.0 99.0 99.00 99.00 99.00 999 9999.0 999.0 999.0 999.0 99.0 99.00
2005 11 28 18 00  40  2.0 99.0 99.00 99.00 99.00 999 9999.0 999.0 999.0 999.0 99.0 99.00
2005 11 28 20 00 140  2.0 99.0 99.00 99.00 99.00 999 9999.0 999.0 999.0 999.0 99.0 99.00
2005 11 28 22 00 110 11.0 99.0 99.00 99.00 99.00 999 9999.0 999.0 999.0 999.0 99.0 99.00
2005 11 29 00 00 130  5.0 99.0 99.00 99.00 99.00 999 9999.0 999.0 999.0 999.0 99.0 99.00
2005 11 29 02 00 240  6.0 99.0 99.00 99.00 99.00 999 9999.0 999.0 999.0 999.0 99.0 99.00
2005 11 29 04 00   0  0.0 99.0 99.00 99.00 99.00 999 9999.0 999.0 999.0 999.0 99.0 99.00
2005 11 29 06 00 130  5.0 99.0 99.00 99.00 99.00 999 9999.0 999.0 999.0 999.0 99.0 99.00
2005 11 29 08 00 110  3.0 99.0 99.00 99.00 99.00 999 9999.0 999.0 999.0 999.0 99.0 99.00
2005 11 29 12 00 150  2.0 99.0 99.00 99.00 99.00 999 9999.0 999.0 999.0 999.0 99.0 99.00
2005 11 29 14 00 150  6.0 99.0 99.00 99.00 99.00 999 9999.0 999.0 999.0 999.0 99.0 99.00
2005 11 29 18 00 200  7.0 99.0 99.00 99.00 99.00 999 9999.0 999.0 999.0 999.0 99.0 99.00
2005 11 29 22 00 110  6.0 99.0 99.00 99.00 99.00 999 9999.0 999.0 999.0 999.0 99.0 99.00
2005 11 30 00 00 260  4.0 99.0 99.00 99.00 99.00 999 9999.0 999.0 999.0 999.0 99.0 99.00
2005 11 30 02 00  80  2.0 99.0 99.00 99.00 99.00 999 9999.0 999.0 999.0 999.0 99.0 99.00
2005 11 30 04 00 150  2.0 99.0 99.00 99.00 99.00 999 9999.0 999.0 999.0 999.0 99.0 99.00
2005 11 30 06 00 140  3.0 99.0 99.00 99.00 99.00 999 9999.0 999.0 999.0 999.0 99.0 99.00
2005 11 30 08 00 210  2.0 99.0 99.00 99.00 99.00 999 9999.0 999.0 999.0 999.0 99.0 99.00
2005 11 30 10 00 210  2.0 99.0 99.00 99.00 99.00 999 9999.0 999.0 999.0 999.0 99.0 99.00
2005 11 30 14 00 150  1.0 99.0 99.00 99.00 99.00 999 9999.0 999.0 999.0 999.0 99.0 99.00
2005 11 30 18 00 110  2.0 99.0 99.00 99.00 99.00 999 9999.0 999.0 999.0 999.0 99.0 99.00
2005 11 30 22 00   0  0.0 99.0 99.00 99.00 99.00 999 9999.0 999.0 999.0 999.0 99.0 99.00
2005 12 01 00 00   0  0.0 99.0 99.00 99.00 99.00 999 9999.0 999.0 999.0 999.0 99.0 99.00
2005 12 01 02 00   0  0.0 99.0 99.00 99.00 99.00 999 9999.0 999.0 999.0 999.0 99.0 99.00
2005 12 01 04 00   0  0.0 99.0 99.00 99.00 99.00 999 9999.0 999.0 999.0 999.0 99.0 99.00
2005 12 01 06 00 140  2.0 99.0 99.00 99.00 99.00 999 9999.0 999.0 999.0 999.0 99.0 99.00
2005 12 01 10 00  30  3.0 99.0 99.00 99.00 99.00 999 9999.0 999.0 999.0 999.0 99.0 99.00
2005 12 01 12 00 190  4.0 99.0 99.00 99.00 99.00 999 9999.0 999.0 999.0 999.0 99.0 99.00
2005 12 01 14 00 160  2.0 99.0 99.00 99.00 99.00 999 9999.0 999.0 999.0 999.0 99.0 99.00
2005 12 01 16 00 220  2.0 99.0 99.00 99.00 99.00 999 9999.0 999.0 999.0 999.0 99.0 99.00
2005 12 01 18 00 140  2.0 99.0 99.00 99.00 99.00 999 9999.0 999.0 999.0 999.0 99.0 99.00
2005 12 01 22 00 230  3.0 99.0 99.00 99.00 99.00 999 9999.0 999.0 999.0 999.0 99.0 99.00
2005 12 02 00 00 280  2.0 99.0 99.00 99.00 99.00 999 9999.0 999.0 999.0 999.0 99.0 99.00
2005 12 02 02 00  30  3.0 99.0 99.00 99.00 99.00 999 9999.0 999.0 999.0 999.0 99.0 99.00
2005 12 02 04 00 140  3.0 99.0 99.00 99.00 99.00 999 9999.0 999.0 999.0 999.0 99.0 99.00
2005 12 02 06 00 280 10.0 99.0 99.00 99.00 99.00 999 9999.0 999.0 999.0 999.0 99.0 99.00
2005 12 02 08 00 270  5.0 99.0 99.00 99.00 99.00 999 9999.0 999.0 999.0 999.0 99.0 99.00
2005 12 02 12 00 100  7.0 99.0 99.00 99.00 99.00 999 9999.0 999.0 999.0 999.0 99.0 99.00
2005 12 02 16 00  80  3.0 99.0 99.00 99.00 99.00 999 9999.0 999.0 999.0 999.0 99.0 99.00
2005 12 02 18 00 170  5.0 99.0 99.00 99.00 99.00 999 9999.0 999.0 999.0 999.0 99.0 99.00
2005 12 02 20 00 160  2.0 99.0 99.00 99.00 99.00 999 9999.0 999.0 999.0 999.0 99.0 99.00
2005 12 02 22 00   0  0.0 99.0 99.00 99.00 99.00 999 9999.0 999.0 999.0 999.0 99.0 99.00
2005 12 03 00 00 120  7.0 99.0 99.00 99.00 99.00 999 9999.0 999.0 999.0 999.0 99.0 99.00
2005 12 03 02 00 260  3.0 99.0 99.00 99.00 99.00 999 9999.0 999.0 999.0 999.0 99.0 99.00
2005 12 03 04 00 140  6.0 99.0 99.00 99.00 99.00 999 9999.0 999.0 999.0 999.0 99.0 99.00
2005 12 03 06 00 320  4.0 99.0 99.00 99.00 99.00 999 9999.0 999.0 999.0 999.0 99.0 99.00
2005 12 03 08 00 100  1.0 99.0 99.00 99.00 99.00 999 9999.0 999.0 999.0 999.0 99.0 99.00
2005 12 03 10 00   0  0.0 99.0 99.00 99.00 99.00 999 9999.0 999.0 999.0 999.0 99.0 99.00
2005 12 03 12 00 200  2.0 99.0 99.00 99.00 99.00 999 9999.0 999.0 999.0 999.0 99.0 99.00
2005 12 03 16 00   0  0.0 99.0 99.00 99.00 99.00 999 9999.0 999.0 999.0 999.0 99.0 99.00
2005 12 03 18 00 250  3.0 99.0 99.00 99.00 99.00 999 9999.0 999.0 999.0 999.0 99.0 99.00
2005 12 03 22 00   0  0.0 99.0 99.00 99.00 99.00 999 9999.0 999.0 999.0 999.0 99.0 99.00
2005 12 04 00 00  90  1.0 99.0 99.00 99.00 99.00 999 9999.0 999.0 999.0 999.0 99.0 99.00
2005 12 04 02 00 300  9.0 99.0 99.00 99.00 99.00 999 9999.0 999.0 999.0 999.0 99.0 99.00
2005 12 04 04 00 160  7.0 99.0 99.00 99.00 99.00 999 9999.0 999.0 999.0 999.0 99.0 99.00
2005 12 04 06 00 300  5.0 99.0 99.00 99.00 99.00 999 9999.0 999.0 999.0 999.0 99.0 99.00
2005 12 04 08 00 270 11.0 99.0 99.00 99.00 99.00 999 9999.0 999.0 999.0 999.0 99.0 99.00
2005 12 04 12 00 240  7.0 99.0 99.00 99.00 99.00 999 9999.0 999.0 999.0 999.0 99.0 99.00
2005 12 04 14 00 150  2.0 99.0 99.00 99.00 99.00 999 9999.0 999.0 999.0 999.0 99.0 99.00
2005 12 04 16 00 230  6.0 99.0 99.00 99.00 99.00 999 9999.0 999.0 999.0 999.0 99.0 99.00
2005 12 04 18 00 190  5.0 99.0 99.00 99.00 99.00 999 9999.0 999.0 999.0 999.0 99.0 99.00
2005 12 04 20 00 120  6.0 99.0 99.00 99.00 99.00 999 9999.0 999.0 999.0 999.0 99.0 99.00
2005 12 04 22 00 170  9.0 99.0 99.00 99.00 99.00 999 9999.0 999.0 999.0 999.0 99.0 99.00
2005 12 05 00 00  90  9.0 99.0 99.00 99.00 99.00 999 9999.0 999.0 999.0 999.0 99.0 99.00
2005 12 05 04 00 150  7.0 99.0 99.00 99.00 99.00 999 9999.0 999.0 999.0 999.0 99.0 99.00
2005 12 05 06 00 120  5.0 99.0 99.00 99.00 99.00 999 9999.0 999.0 999.0 999.0 99.0 99.00
2005 12 05 08 00 190  5.0 99.0 99.00 99.00 99.00 999 9999.0 999.0 999.0 999.0 99.0 99.00
2005 12 05 10 00 160  5.0 99.0 99.00 99.00 99.00 999 9999.0 999.0 999.0 999.0 99.0 99.00
2005 12 05 12 00 180  2.0 99.0 99.00 99.00 99.00 999 9999.0 999.0 999.0 999.0 99.0 99.00
2005 12 05 14 00   0  0.0 99.0 99.00 99.00 99.00 999 9999.0 999.0 999.0 999.0 99.0 99.00
2005 12 05 16 00 210  1.0 99.0 99.00 99.00 99.00 999 9999.0 999.0 999.0 999.0 99.0 99.00
2005 12 05 22 00 190  3.0 99.0 99.00 99.00 99.00 999 9999.0 999.0 999.0 999.0 99.0 99.00
2005 12 06 00 00 140  6.0 99.0 99.00 99.00 99.00 999 9999.0 999.0 999.0 999.0 99.0 99.00
2005 12 06 02 00 160  4.0 99.0 99.00 99.00 99.00 999 9999.0 999.0 999.0 999.0 99.0 99.00
2005 12 06 04 00 120  3.0 99.0 99.00 99.00 99.00 999 9999.0 999.0 999.0 999.0 99.0 99.00
2005 12 06 06 00 120  5.0 99.0 99.00 99.00 99.00 999 9999.0 999.0 999.0 999.0 99.0 99.00
2005 12 06 08 00  90  4.0 99.0 99.00 99.00 99.00 999 9999.0 999.0 999.0 999.0 99.0 99.00
2005 12 06 10 00 100  7.0 99.0 99.00 99.00 99.00 999 9999.0 999.0 999.0 999.0 99.0 99.00
2005 12 06 12 00  30  2.0 99.0 99.00 99.00 99.00 999 9999.0 999.0 999.0 999.0 99.0 99.00
2005 12 06 16 00 350  1.0 99.0 99.00 99.00 99.00 999 9999.0 999.0 999.0 999.0 99.0 99.00
2005 12 06 18 00 190  7.0 99.0 99.00 99.00 99.00 999 9999.0 999.0 999.0 999.0 99.0 99.00
2005 12 06 22 00 150  3.0 99.0 99.00 99.00 99.00 999 9999.0 999.0 999.0 999.0 99.0 99.00
2005 12 07 00 00   0  0.0 99.0 99.00 99.00 99.00 999 9999.0 999.0 999.0 999.0 99.0 99.00
2005 12 07 04 00 120  2.0 99.0 99.00 99.00 99.00 999 9999.0 999.0 999.0 999.0 99.0 99.00
2005 12 07 08 00 120  2.0 99.0 99.00 99.00 99.00 999 9999.0 999.0 999.0 999.0 99.0 99.00
2005 12 07 10 00 220  3.0 99.0 99.00 99.00 99.00 999 9999.0 999.0 999.0 999.0 99.0 99.00
2005 12 07 12 00   0  0.0 99.0 99.00 99.00 99.00 999 9999.0 999.0 999.0 999.0 99.0 99.00
2005 12 07 14 00   0  0.0 99.0 99.00 99.00 99.00 999 9999.0 999.0 999.0 999.0 99.0 99.00
2005 12 07 16 00   0  0.0 99.0 99.00 99.00 99.00 999 9999.0 999.0 999.0 999.0 99.0 99.00
2005 12 07 18 00 170  2.0 99.0 99.00 99.00 99.00 999 9999.0 999.0 999.0 999.0 99.0 99.00
2005 12 08 00 00   0  0.0 99.0 99.00 99.00 99.00 999 9999.0 999.0 999.0 999.0 99.0 99.00
2005 12 08 04 00 230  2.0 99.0 99.00 99.00 99.00 999 9999.0 999.0 999.0 999.0 99.0 99.00
2005 12 08 10 00 130  9.0 99.0 99.00 99.00 99.00 999 9999.0 999.0 999.0 999.0 99.0 99.00
2005 12 08 12 00 240  7.0 99.0 99.00 99.00 99.00 999 9999.0 999.0 999.0 999.0 99.0 99.00
2005 12 08 14 00 130  4.0 99.0 99.00 99.00 99.00 999 9999.0 999.0 999.0 999.0 99.0 99.00
2005 12 08 16 00 130 10.0 99.0 99.00 99.00 99.00 999 9999.0 999.0 999.0 999.0 99.0 99.00
2005 12 08 20 00 140  8.0 99.0 99.00 99.00 99.00 999 9999.0 999.0 999.0 999.0 99.0 99.00
2005 12 09 00 00 240  2.0 99.0 99.00 99.00 99.00 999 9999.0 999.0 999.0 999.0 99.0 99.00
2005 12 09 02 00 240  5.0 99.0 99.00 99.00 99.00 999 9999.0 999.0 999.0 999.0 99.0 99.00
2005 12 09 04 00 180  5.0 99.0 99.00 99.00 99.00 999 9999.0 999.0 999.0 999.0 99.0 99.00
2005 12 09 06 00 250  9.0 99.0 99.00 99.00 99.00 999 9999.0 999.0 999.0 999.0 99.0 99.00
2005 12 09 08 00 190 10.0 99.0 99.00 99.00 99.00 999 9999.0 999.0 999.0 999.0 99.0 99.00
2005 12 09 10 00 200  9.0 99.0 99.00 99.00 99.00 999 9999.0 999.0 999.0 999.0 99.0 99.00
2005 12 09 12 00  40  5.0 99.0 99.00 99.00 99.00 999 9999.0 999.0 999.0 999.0 99.0 99.00
2005 12 09 16 00 180  8.0 99.0 99.00 99.00 99.00 999 9999.0 999.0 999.0 999.0 99.0 99.00
2005 12 09 20 00 120  5.0 99.0 99.00 99.00 99.00 999 9999.0 999.0 999.0 999.0 99.0 99.00
2005 12 09 22 00 120  3.0 99.0 99.00 99.00 99.00 999 9999.0 999.0 999.0 999.0 99.0 99.00
2005 12 10 00 00 150  8.0 99.0 99.00 99.00 99.00 999 9999.0 999.0 999.0 999.0 99.0 99.00
2005 12 10 02 00 160  8.0 99.0 99.00 99.00 99.00 999 9999.0 999.0 999.0 999.0 99.0 99.00
2005 12 10 04 00 180  2.0 99.0 99.00 99.00 99.00 999 9999.0 999.0 999.0 999.0 99.0 99.00
2005 12 10 06 00 140  3.0 99.0 99.00 99.00 99.00 999 9999.0 999.0 999.0 999.0 99.0 99.00
2005 12 10 08 00 110  4.0 99.0 99.00 99.00 99.00 999 9999.0 999.0 999.0 999.0 99.0 99.00
2005 12 10 10 00 190  4.0 99.0 99.00 99.00 99.00 999 9999.0 999.0 999.0 999.0 99.0 99.00
2005 12 10 12 00  30  3.0 99.0 99.00 99.00 99.00 999 9999.0 999.0 999.0 999.0 99.0 99.00
2005 12 10 14 00   0  0.0 99.0 99.00 99.00 99.00 999 9999.0 999.0 999.0 999.0 99.0 99.00
2005 12 10 16 00 170  1.0 99.0 99.00 99.00 99.00 999 9999.0 999.0 999.0 999.0 99.0 99.00
2005 12 10 20 00   0  0.0 99.0 99.00 99.00 99.00 999 9999.0 999.0 999.0 999.0 99.0 99.00
2005 12 10 22 00 200  2.0 99.0 99.00 99.00 99.00 999 9999.0 999.0 999.0 999.0 99.0 99.00
2005 12 11 04 00 140 10.0 99.0 99.00 99.00 99.00 999 9999.0 999.0 999.0 999.0 99.0 99.00
2005 12 11 06 00 170  7.0 99.0 99.00 99.00 99.00 999 9999.0 999.0 999.0 999.0 99.0 99.00
2005 12 11 08 00 280  5.0 99.0 99.00 99.00 99.00 999 9999.0 999.0 999.0 999.0 99.0 99.00
2005 12 11 10 00 140  6.0 99.0 99.00 99.00 99.00 999 9999.0 999.0 999.0 999.0 99.0 99.00
2005 12 11 12 00 190  6.0 99.0 99.00 99.00 99.00 999 9999.0 999.0 999.0 999.0 99.0 99.00
2005 12 11 14 00 220  6.0 99.0 99.00 99.00 99.00 999 9999.0 999.0 999.0 999.0 99.0 99.00
2005 12 11 20 00 160  5.0 99.0 99.00 99.00 99.00 999 9999.0 999.0 999.0 999.0 99.0 99.00
2005 12 11 22 00 140  6.0 99.0 99.00 99.00 99.00 999 9999.0 999.0 999.0 999.0 99.0 99.00
2005 12 12 00 00 230  5.0 99.0 99.00 99.00 99.00 999 9999.0 999.0 999.0 999.0 99.0 99.00
2005 12 12 02 00 120 11.0 99.0 99.00 99.00 99.00 999 9999.0 999.0 999.0 999.0 99.0 99.00
2005 12 12 04 00 280  6.0 99.0 99.00 99.00 99.00 999 9999.0 999.0 999.0 999.0 99.0 99.00
2005 12 12 06 00 170  3.0 99.0 99.00 99.00 99.00 999 9999.0 999.0 999.0 999.0 99.0 99.00
2005 12 12 08 00 270  2.0 99.0 99.00 99.00 99.00 999 9999.0 999.0 999.0 999.0 99.0 99.00
2005 12 12 10 00 100  3.0 99.0 99.00 99.00 99.00 999 9999.0 999.0 999.0 999.0 99.0 99.00
2005 12 12 12 00 160  6.0 99.0 99.00 99.00 99.00 999 9999.0 999.0 999.0 999.0 99.0 99.00
2005 12 12 16 00 210  2.0 99.0 99.00 99.00 99.00 999 9999.0 999.0 999.0 999.0 99.0 99.00
2005 12 12 20 00 160  2.0 99.0 99.00 99.00 99.00 999 9999.0 999.0 999.0 999.0 99.0 99.00
2005 12 12 22 00 170  5.0 99.0 99.00 99.00 99.00 999 9999.0 999.0 999.0 999.0 99.0 99.00
2005 12 13 00 00 190  1.0 99.0 99.00 99.00 99.00 999 9999.0 999.0 999.0 999.0 99.0 99.00
2005 12 13 02 00 120  7.0 99.0 99.00 99.00 99.00 999 9999.0 999.0 999.0 999.0 99.0 99.00
2005 12 13 04 00 180  2.0 99.0 99.00 99.00 99.00 999 9999.0 999.0 999.0 999.0 99.0 99.00
2005 12 13 06 00 200  4.0 99.0 99.00 99.00 99.00 999 9999.0 999.0 999.0 999.0 99.0 99.00
2005 12 13 08 00 170 10.0 99.0 99.00 99.00 99.00 999 9999.0 999.0 999.0 999.0 99.0 99.00
2005 12 13 10 00  40  6.0 99.0 99.00 99.00 99.00 999 9999.0 999.0 999.0 999.0 99.0 99.00
2005 12 13 12 00 230  8.0 99.0 99.00 99.00 99.00 999 9999.0 999.0 999.0 999.0 99.0 99.00
2005 12 13 14 00 350  3.0 99.0 99.00 99.00 99.00 999 9999.0 999.0 999.0 999.0 99.0 99.00
2005 12 13 16 00 170  7.0 99.0 99.00 99.00 99.00 999 9999.0 999.0 999.0 999.0 99.0 99.00
2005 12 13 20 00 150  3.0 99.0 99.00 99.00 99.00 999 9999.0 999.0 999.0 999.0 99.0 99.00
2005 12 13 22 00 160  6.0 99.0 99.00 99.00 99.00 999 9999.0 999.0 999.0 999.0 99.0 99.00
2005 12 14 04 00 330  5.0 99.0 99.00 99.00 99.00 999 9999.0 999.0 999.0 999.0 99.0 99.00
2005 12 14 08 00 190  3.0 99.0 99.00 99.00 99.00 999 9999.0 999.0 999.0 999.0 99.0 99.00
2005 12 14 10 00  20  2.0 99.0 99.00 99.00 99.00 999 9999.0 999.0 999.0 999.0 99.0 99.00
2005 12 14 12 00 130  2.0 99.0 99.00 99.00 99.00 999 9999.0 999.0 999.0 999.0 99.0 99.00
2005 12 14 14 00  70  8.0 99.0 99.00 99.00 99.00 999 9999.0 999.0 999.0 999.0 99.0 99.00
2005 12 14 16 00 190  4.0 99.0 99.00 99.00 99.00 999 9999.0 999.0 999.0 999.0 99.0 99.00
2005 12 14 22 00 270  4.0 99.0 99.00 99.00 99.00 999 9999.0 999.0 999.0 999.0 99.0 99.00
2005 12 15 00 00 190  5.0 99.0 99.00 99.00 99.00 999 9999.0 999.0 999.0 999.0 99.0 99.00
2005 12 15 02 00 270  4.0 99.0 99.00 99.00 99.00 999 9999.0 999.0 999.0 999.0 99.0 99.00
2005 12 15 04 00 360  3.0 99.0 99.00 99.00 99.00 999 9999.0 999.0 999.0 999.0 99.0 99.00
2005 12 15 06 00 280  4.0 99.0 99.00 99.00 99.00 999 9999.0 999.0 999.0 999.0 99.0 99.00
2005 12 15 08 00  20  3.0 99.0 99.00 99.00 99.00 999 9999.0 999.0 999.0 999.0 99.0 99.00
2005 12 15 10 00 180  5.0 99.0 99.00 99.00 99.00 999 9999.0 999.0 999.0 999.0 99.0 99.00
2005 12 15 12 00 150  5.0 99.0 99.00 99.00 99.00 999 9999.0 999.0 999.0 999.0 99.0 99.00
2005 12 15 14 00 200  2.0 99.0 99.00 99.00 99.00 999 9999.0 999.0 999.0 999.0 99.0 99.00
2005 12 15 16 00   0  0.0 99.0 99.00 99.00 99.00 999 9999.0 999.0 999.0 999.0 99.0 99.00
2005 12 15 18 00 110  5.0 99.0 99.00 99.00 99.00 999 9999.0 999.0 999.0 999.0 99.0 99.00
2005 12 15 20 00 130  3.0 99.0 99.00 99.00 99.00 999 9999.0 999.0 999.0 999.0 99.0 99.00
2005 12 15 22 00   0  0.0 99.0 99.00 99.00 99.00 999 9999.0 999.0 999.0 999.0 99.0 99.00
2005 12 16 00 00 140 10.0 99.0 99.00 99.00 99.00 999 9999.0 999.0 999.0 999.0 99.0 99.00
2005 12 16 04 00 190  4.0 99.0 99.00 99.00 99.00 999 9999.0 999.0 999.0 999.0 99.0 99.00
2005 12 16 06 00 150  3.0 99.0 99.00 99.00 99.00 999 9999.0 999.0 999.0 999.0 99.0 99.00
2005 12 16 08 00 160  2.0 99.0 99.00 99.00 99.00 999 9999.0 999.0 999.0 999.0 99.0 99.00
2005 12 16 10 00 150  7.0 99.0 99.00 99.00 99.00 999 9999.0 999.0 999.0 999.0 99.0 99.00
2005 12 16 12 00 150  6.0 99.0 99.00 99.00 99.00 999 9999.0 999.0 999.0 999.0 99.0 99.00
2005 12 16 14 00 130  4.0 99.0 99.00 99.00 99.00 999 9999.0 999.0 999.0 999.0 99.0 99.00
2005 12 16 16 00 160  3.0 99.0 99.00 99.00 99.00 999 9999.0 999.0 999.0 999.0 99.0 99.00
2005 12 16 18 00   0  0.0 99.0 99.00 99.00 99.00 999 9999.0 999.0 999.0 999.0 99.0 99.00
2005 12 16 20 00   0  0.0 99.0 99.00 99.00 99.00 999 9999.0 999.0 999.0 999.0 99.0 99.00
2005 12 17 00 00   0  0.0 99.0 99.00 99.00 99.00 999 9999.0 999.0 999.0 999.0 99.0 99.00
2005 12 17 02 00   0  0.0 99.0 99.00 99.00 99.00 999 9999.0 999.0 999.0 999.0 99.0 99.00
2005 12 17 04 00   0  0.0 99.0 99.00 99.00 99.00 999 9999.0 999.0 999.0 999.0 99.0 99.00
2005 12 17 08 00 180  1.0 99.0 99.00 99.00 99.00 999 9999.0 999.0 999.0 999.0 99.0 99.00
2005 12 17 12 00 180  2.0 99.0 99.00 99.00 99.00 999 9999.0 999.0 999.0 999.0 99.0 99.00
2005 12 17 14 00 160  5.0 99.0 99.00 99.00 99.00 999 9999.0 999.0 999.0 999.0 99.0 99.00
2005 12 17 16 00 999  2.0 99.0 99.00 99.00 99.00 999 9999.0 999.0 999.0 999.0 99.0 99.00
2005 12 17 18 00 999  3.0 99.0 99.00 99.00 99.00 999 9999.0 999.0 999.0 999.0 99.0 99.00
2005 12 17 20 00 999  3.0 99.0 99.00 99.00 99.00 999 9999.0 999.0 999.0 999.0 99.0 99.00
2005 12 18 00 00 999  7.0 99.0 99.00 99.00 99.00 999 9999.0 999.0 999.0 999.0 99.0 99.00
2005 12 18 02 00 999  7.0 99.0 99.00 99.00 99.00 999 9999.0 999.0 999.0 999.0 99.0 99.00
2005 12 18 04 00 999  8.0 99.0 99.00 99.00 99.00 999 9999.0 999.0 999.0 999.0 99.0 99.00
2005 12 18 06 00 999 11.0 99.0 99.00 99.00 99.00 999 9999.0 999.0 999.0 999.0 99.0 99.00
2005 12 18 08 00 999  7.0 99.0 99.00 99.00 99.00 999 9999.0 999.0 999.0 999.0 99.0 99.00
2005 12 18 10 00 999  7.0 99.0 99.00 99.00 99.00 999 9999.0 999.0 999.0 999.0 99.0 99.00
2005 12 18 12 00 999  4.0 99.0 99.00 99.00 99.00 999 9999.0 999.0 999.0 999.0 99.0 99.00
2005 12 18 16 00 999  4.0 99.0 99.00 99.00 99.00 999 9999.0 999.0 999.0 999.0 99.0 99.00
2005 12 18 20 00 999  6.0 99.0 99.00 99.00 99.00 999 9999.0 999.0 999.0 999.0 99.0 99.00
2005 12 18 22 00 999  8.0 99.0 99.00 99.00 99.00 999 9999.0 999.0 999.0 999.0 99.0 99.00
2005 12 19 00 00 999  0.0 99.0 99.00 99.00 99.00 999 9999.0 999.0 999.0 999.0 99.0 99.00
2005 12 19 02 00 999  7.0 99.0 99.00 99.00 99.00 999 9999.0 999.0 999.0 999.0 99.0 99.00
2005 12 19 04 00 999  4.0 99.0 99.00 99.00 99.00 999 9999.0 999.0 999.0 999.0 99.0 99.00
2005 12 19 06 00 999  3.0 99.0 99.00 99.00 99.00 999 9999.0 999.0 999.0 999.0 99.0 99.00
2005 12 19 14 00 999  4.0 99.0 99.00 99.00 99.00 999 9999.0 999.0 999.0 999.0 99.0 99.00
2005 12 19 16 00 999  0.0 99.0 99.00 99.00 99.00 999 9999.0 999.0 999.0 999.0 99.0 99.00
2005 12 19 20 00 999  0.0 99.0 99.00 99.00 99.00 999 9999.0 999.0 999.0 999.0 99.0 99.00
2005 12 20 02 00 999  0.0 99.0 99.00 99.00 99.00 999 9999.0 999.0 999.0 999.0 99.0 99.00
2005 12 20 04 00 999  0.0 99.0 99.00 99.00 99.00 999 9999.0 999.0 999.0 999.0 99.0 99.00
2005 12 20 06 00 999  0.0 99.0 99.00 99.00 99.00 999 9999.0 999.0 999.0 999.0 99.0 99.00
2005 12 20 08 00 999  0.0 99.0 99.00 99.00 99.00 999 9999.0 999.0 999.0 999.0 99.0 99.00
2005 12 20 10 00 999  0.0 99.0 99.00 99.00 99.00 999 9999.0 999.0 999.0 999.0 99.0 99.00
2005 12 20 12 00 999  0.0 99.0 99.00 99.00 99.00 999 9999.0 999.0 999.0 999.0 99.0 99.00
2005 12 20 14 00 999  0.0 99.0 99.00 99.00 99.00 999 9999.0 999.0 999.0 999.0 99.0 99.00
2005 12 20 16 00 999  0.0 99.0 99.00 99.00 99.00 999 9999.0 999.0 999.0 999.0 99.0 99.00
2005 12 20 18 00 999  0.0 99.0 99.00 99.00 99.00 999 9999.0 999.0 999.0 999.0 99.0 99.00
2005 12 20 20 00 999  1.0 99.0 99.00 99.00 99.00 999 9999.0 999.0 999.0 999.0 99.0 99.00
2005 12 21 00 00 999  1.0 99.0 99.00 99.00 99.00 999 9999.0 999.0 999.0 999.0 99.0 99.00
2005 12 21 04 00 999  3.0 99.0 99.00 99.00 99.00 999 9999.0 999.0 999.0 999.0 99.0 99.00
2005 12 21 06 00 999  0.0 99.0 99.00 99.00 99.00 999 9999.0 999.0 999.0 999.0 99.0 99.00
2005 12 21 12 00 999  3.0 99.0 99.00 99.00 99.00 999 9999.0 999.0 999.0 999.0 99.0 99.00
2005 12 21 16 00 999  0.0 99.0 99.00 99.00 99.00 999 9999.0 999.0 999.0 999.0 99.0 99.00
2005 12 21 18 00 999  4.0 99.0 99.00 99.00 99.00 999 9999.0 999.0 999.0 999.0 99.0 99.00
2005 12 21 20 00 999  4.0 99.0 99.00 99.00 99.00 999 9999.0 999.0 999.0 999.0 99.0 99.00
2005 12 21 22 00 999  2.0 99.0 99.00 99.00 99.00 999 9999.0 999.0 999.0 999.0 99.0 99.00
2005 12 22 00 00 999  3.0 99.0 99.00 99.00 99.00 999 9999.0 999.0 999.0 999.0 99.0 99.00
2005 12 22 04 00 999  1.0 99.0 99.00 99.00 99.00 999 9999.0 999.0 999.0 999.0 99.0 99.00
2005 12 22 06 00 999  3.0 99.0 99.00 99.00 99.00 999 9999.0 999.0 999.0 999.0 99.0 99.00
2005 12 22 08 00 999  7.0 99.0 99.00 99.00 99.00 999 9999.0 999.0 999.0 999.0 99.0 99.00
2005 12 22 10 00 999  5.0 99.0 99.00 99.00 99.00 999 9999.0 999.0 999.0 999.0 99.0 99.00
2005 12 22 14 00 999  0.0 99.0 99.00 99.00 99.00 999 9999.0 999.0 999.0 999.0 99.0 99.00
2005 12 22 16 00 999  5.0 99.0 99.00 99.00 99.00 999 9999.0 999.0 999.0 999.0 99.0 99.00
2005 12 22 20 00 999  0.0 99.0 99.00 99.00 99.00 999 9999.0 999.0 999.0 999.0 99.0 99.00
2005 12 23 02 00 999  0.0 99.0 99.00 99.00 99.00 999 9999.0 999.0 999.0 999.0 99.0 99.00
2005 12 23 04 00 999  1.0 99.0 99.00 99.00 99.00 999 9999.0 999.0 999.0 999.0 99.0 99.00
2005 12 23 06 00 999  1.0 99.0 99.00 99.00 99.00 999 9999.0 999.0 999.0 999.0 99.0 99.00
2005 12 23 08 00 999  0.0 99.0 99.00 99.00 99.00 999 9999.0 999.0 999.0 999.0 99.0 99.00
2005 12 23 10 00 999  0.0 99.0 99.00 99.00 99.00 999 9999.0 999.0 999.0 999.0 99.0 99.00
2005 12 23 14 00 999  0.0 99.0 99.00 99.00 99.00 999 9999.0 999.0 999.0 999.0 99.0 99.00
2005 12 23 16 00 999  2.0 99.0 99.00 99.00 99.00 999 9999.0 999.0 999.0 999.0 99.0 99.00
2005 12 23 18 00 999  0.0 99.0 99.00 99.00 99.00 999 9999.0 999.0 999.0 999.0 99.0 99.00
2005 12 24 00 00 999  4.0 99.0 99.00 99.00 99.00 999 9999.0 999.0 999.0 999.0 99.0 99.00
2005 12 24 06 00 999  0.0 99.0 99.00 99.00 99.00 999 9999.0 999.0 999.0 999.0 99.0 99.00
2005 12 24 10 00 999  4.0 99.0 99.00 99.00 99.00 999 9999.0 999.0 999.0 999.0 99.0 99.00
2005 12 24 14 00 999  2.0 99.0 99.00 99.00 99.00 999 9999.0 999.0 999.0 999.0 99.0 99.00
2005 12 24 16 00 999  1.0 99.0 99.00 99.00 99.00 999 9999.0 999.0 999.0 999.0 99.0 99.00
2005 12 24 18 00 999  0.0 99.0 99.00 99.00 99.00 999 9999.0 999.0 999.0 999.0 99.0 99.00
2005 12 25 00 00 999  0.0 99.0 99.00 99.00 99.00 999 9999.0 999.0 999.0 999.0 99.0 99.00
2005 12 25 06 00 999  0.0 99.0 99.00 99.00 99.00 999 9999.0 999.0 999.0 999.0 99.0 99.00
2005 12 25 10 00 999  0.0 99.0 99.00 99.00 99.00 999 9999.0 999.0 999.0 999.0 99.0 99.00
