#YY  MM DD hh mm WDIR WSPD GST  WVHT   DPD   APD MWD   PRES  ATMP  WTMP  DEWP  VIS  TIDE
#yr  mo dy hr mn degT m/s  m/s     m   sec   sec degT   hPa  degC  degC  degC   mi    ft
2011 04 25 12 40 999 99.0 99.0  2.18  6.67  5.44  80 9999.0 999.0 999.0 999.0 99.0 99.00
2011 06 30 18 40 999 99.0 99.0  2.00  7.69  5.46  66 9999.0 999.0 999.0 999.0 99.0 99.00
2011 11 30 23 50 999 99.0 99.0  2.24  8.33  5.88  78 9999.0 999.0 999.0 999.0 99.0 99.00
2011 12 12 19 50 999 99.0 99.0  2.43  7.69  6.55 101 9999.0 999.0 999.0 999.0 99.0 99.00
2011 12 12 20 50 999 99.0 99.0  2.54 10.00  6.49  36 9999.0 999.0 999.0 999.0 99.0 99.00
2011 12 12 21 50 999 99.0 99.0  2.69 10.81  6.37  23 9999.0 999.0 999.0 999.0 99.0 99.00
2011 12 12 22 50 999 99.0 99.0  2.74 10.00  6.33  37 9999.0 999.0 999.0 999.0 99.0 99.00
2011 12 12 23 50 999 99.0 99.0  2.90 10.81  6.47  31 9999.0 999.0 999.0 999.0 99.0 99.00
2011 12 13 00 50 999 99.0 99.0  3.00 10.81  6.31  41 9999.0 999.0 999.0 999.0 99.0 99.00
2011 12 13 01 50 999 99.0 99.0  2.93  9.09  6.51  39 9999.0 999.0 999.0 999.0 99.0 99.00
2011 12 13 02 50 999 99.0 99.0  3.00 10.81  6.56  45 9999.0 999.0 999.0 999.0 99.0 99.00
2011 12 13 03 50 999 99.0 99.0  2.92 10.81  6.45  39 9999.0 999.0 999.0 999.0 99.0 99.00
2011 12 13 04 50 999 99.0 99.0  2.84 10.81  6.53  37 9999.0 999.0 999.0 999.0 99.0 99.00
2011 12 13 05 50 999 99.0 99.0  2.98 10.00  6.76  48 9999.0 999.0 999.0 999.0 99.0 99.00
2011 12 13 06 50 999 99.0 99.0  3.17 10.81  6.84  46 9999.0 999.0 999.0 999.0 99.0 99.00
2011 12 13 07 50 999 99.0 99.0  3.04 10.00  7.00  49 9999.0 999.0 999.0 999.0 99.0 99.00
2011 12 13 08 50 999 99.0 99.0  2.95 10.81  6.72  41 9999.0 999.0 999.0 999.0 99.0 99.00
2011 12 13 09 50 999 99.0 99.0  2.82 10.00  6.64  41 9999.0 999.0 999.0 999.0 99.0 99.00
2011 12 13 10 50 999 99.0 99.0  2.92 10.00  6.87  45 9999.0 999.0 999.0 999.0 99.0 99.00
2011 12 13 11 50 999 99.0 99.0  2.78 10.81  6.70  52 9999.0 999.0 999.0 999.0 99.0 99.00
2011 12 13 12 50 999 99.0 99.0  2.68 10.81  6.57  46 9999.0 999.0 999.0 999.0 99.0 99.00
2011 12 13 13 50 999 99.0 99.0  2.79 10.00  6.74  48 9999.0 999.0 999.0 999.0 99.0 99.00
2011 12 13 14 50 999 99.0 99.0  3.32 10.00  7.08  51 9999.0 999.0 999.0 999.0 99.0 99.00
2011 12 13 15 50 999 99.0 99.0  2.92 10.81  6.55  49 9999.0 999.0 999.0 999.0 99.0 99.00
2011 12 13 16 50 999 99.0 99.0  2.87 10.81  6.54  62 9999.0 999.0 999.0 999.0 99.0 99.00
2011 12 13 17 50 999 99.0 99.0  3.00 10.00  6.55  47 9999.0 999.0 999.0 999.0 99.0 99.00
2011 12 13 18 50 999 99.0 99.0  3.27 10.00  6.85  54 9999.0 999.0 999.0 999.0 99.0 99.00
2011 12 13 19 50 999 99.0 99.0  2.86 10.00  6.53  52 9999.0 999.0 999.0 999.0 99.0 99.00
2011 12 13 20 50 999 99.0 99.0  2.98 10.81  6.72  56 9999.0 999.0 999.0 999.0 99.0 99.00
2011 12 13 21 50 999 99.0 99.0  2.89 10.00  6.67  67 9999.0 999.0 999.0 999.0 99.0 99.00
2011 12 13 22 50 999 99.0 99.0  2.79 10.00  6.59  52 9999.0 999.0 999.0 999.0 99.0 99.00
2011 12 13 23 50 999 99.0 99.0  2.87 10.00  6.58  50 9999.0 999.0 999.0 999.0 99.0 99.00
2011 12 14 00 50 999 99.0 99.0  2.97 10.00  6.93  42 9999.0 999.0 999.0 999.0 99.0 99.00
2011 12 14 01 50 999 99.0 99.0  2.77 10.00  6.47  55 9999.0 999.0 999.0 999.0 99.0 99.00
2011 12 14 02 50 999 99.0 99.0  2.77 10.00  6.54  52 9999.0 999.0 999.0 999.0 99.0 99.00
2011 12 14 03 50 999 99.0 99.0  2.96  9.09  6.90  62 9999.0 999.0 999.0 999.0 99.0 99.00
2011 12 14 04 50 999 99.0 99.0  2.89 10.00  6.78  57 9999.0 999.0 999.0 999.0 99.0 99.00
2011 12 14 05 50 999 99.0 99.0  3.02 10.00  6.77  54 9999.0 999.0 999.0 999.0 99.0 99.00
2011 12 14 06 50 999 99.0 99.0  2.93 10.00  6.70  54 9999.0 999.0 999.0 999.0 99.0 99.00
2011 12 14 07 50 999 99.0 99.0  3.02 10.00  6.91  57 9999.0 999.0 999.0 999.0 99.0 99.00
2011 12 14 08 50 999 99.0 99.0  2.82 10.00  6.60  53 9999.0 999.0 999.0 999.0 99.0 99.00
2011 12 14 09 50 999 99.0 99.0  2.78 10.00  6.55  45 9999.0 999.0 999.0 999.0 99.0 99.00
2011 12 14 10 50 999 99.0 99.0  3.02  9.09  6.79  63 9999.0 999.0 999.0 999.0 99.0 99.00
2011 12 14 11 50 999 99.0 99.0  2.77 10.00  6.75  44 9999.0 999.0 999.0 999.0 99.0 99.00
2011 12 14 12 50 999 99.0 99.0  2.84 10.00  6.95  54 9999.0 999.0 999.0 999.0 99.0 99.00
2011 12 14 13 50 999 99.0 99.0  2.68 10.00  6.74  59 9999.0 999.0 999.0 999.0 99.0 99.00
2011 12 14 14 50 999 99.0 99.0  2.69 10.00  6.82  60 9999.0 999.0 999.0 999.0 99.0 99.00
2011 12 14 15 50 999 99.0 99.0  2.73  9.09  6.72  57 9999.0 999.0 999.0 999.0 99.0 99.00
2011 12 14 16 50 999 99.0 99.0  2.65 10.00  6.41  49 9999.0 999.0 999.0 999.0 99.0 99.00
2011 12 14 18 50 999 99.0 99.0  2.50 10.00  6.51  60 9999.0 999.0 999.0 999.0 99.0 99.00
2011 12 14 19 50 999 99.0 99.0  2.56 10.00  6.75  53 9999.0 999.0 999.0 999.0 99.0 99.00
2011 12 14 20 50 999 99.0 99.0  2.67 10.00  6.64  56 9999.0 999.0 999.0 999.0 99.0 99.00
2011 12 14 22 50 999 99.0 99.0  2.75  9.09  6.73  71 9999.0 999.0 999.0 999.0 99.0 99.00
2011 12 15 00 50 999 99.0 99.0  2.63 10.00  6.70  62 9999.0 999.0 999.0 999.0 99.0 99.00
2011 12 15 01 50 999 99.0 99.0  2.61 10.00  6.70  57 9999.0 999.0 999.0 999.0 99.0 99.00
2011 12 15 02 50 999 99.0 99.0  2.57 10.81  6.75  48 9999.0 999.0 999.0 999.0 99.0 99.00
2011 12 15 03 50 999 99.0 99.0  2.36 10.00  6.63  49 9999.0 999.0 999.0 999.0 99.0 99.00
2011 12 15 04 50 999 99.0 99.0  2.67 10.00  7.19  59 9999.0 999.0 999.0 999.0 99.0 99.00
2011 12 15 05 50 999 99.0 99.0  2.49 10.00  7.06  57 9999.0 999.0 999.0 999.0 99.0 99.00
2011 12 15 06 50 999 99.0 99.0  2.27 10.00  6.72  58 9999.0 999.0 999.0 999.0 99.0 99.00
2011 12 15 07 50 999 99.0 99.0  2.44 10.81  7.02  54 9999.0 999.0 999.0 999.0 99.0 99.00
2011 12 15 08 50 999 99.0 99.0  2.55 10.00  7.33  58 9999.0 999.0 999.0 999.0 99.0 99.00
2011 12 15 09 50 999 99.0 99.0  2.11 10.81  6.85  48 9999.0 999.0 999.0 999.0 99.0 99.00
2011 12 15 10 50 999 99.0 99.0  2.39 10.00  7.45  56 9999.0 999.0 999.0 999.0 99.0 99.00
2011 12 15 11 50 999 99.0 99.0  2.17  9.09  6.98  64 9999.0 999.0 999.0 999.0 99.0 99.00
2011 12 15 12 50 999 99.0 99.0  2.08 10.81  7.06  58 9999.0 999.0 999.0 999.0 99.0 99.00
2011 12 15 13 50 999 99.0 99.0  1.89 10.81  6.94  62 9999.0 999.0 999.0 999.0 99.0 99.00
2011 12 15 14 50 999 99.0 99.0  2.07  9.09  6.68  66 9999.0 999.0 999.0 999.0 99.0 99.00
2011 12 15 16 50 999 99.0 99.0  2.10 10.00  7.30  58 9999.0 999.0 999.0 999.0 99.0 99.00
2011 12 15 17 50 999 99.0 99.0  2.24 10.00  7.28  57 9999.0 999.0 999.0 999.0 99.0 99.00
2011 12 15 18 50 999 99.0 99.0  1.99 10.00  6.93  60 9999.0 999.0 999.0 999.0 99.0 99.00
2011 12 15 19 50 999 99.0 99.0  2.12  9.09  7.19  57 9999.0 999.0 999.0 999.0 99.0 99.00
2011 12 15 20 50 999 99.0 99.0  2.02 10.00  7.07  64 9999.0 999.0 999.0 999.0 99.0 99.00
2011 12 15 21 50 999 99.0 99.0  1.90 10.00  7.15  62 9999.0 999.0 999.0 999.0 99.0 99.00
2011 12 15 22 50 999 99.0 99.0  2.07 10.00  7.44  71 9999.0 999.0 999.0 999.0 99.0 99.00
2011 12 15 23 50 999 99.0 99.0  1.97 10.00  7.59  66 9999.0 999.0 999.0 999.0 99.0 99.00
2011 12 16 00 50 999 99.0 99.0  1.98 10.00  7.38  59 9999.0 999.0 999.0 999.0 99.0 99.00
2011 12 16 01 50 999 99.0 99.0  2.04 10.00  7.31  67 9999.0 999.0 999.0 999.0 99.0 99.00
2011 12 16 02 50 999 99.0 99.0  1.90 10.81  7.05  75 9999.0 999.0 999.0 999.0 99.0 99.00
2011 12 16 03 50 999 99.0 99.0  2.02 10.00  7.44  71 9999.0 999.0 999.0 999.0 99.0 99.00
2011 12 16 04 50 999 99.0 99.0  2.09 10.00  7.36  65 9999.0 999.0 999.0 999.0 99.0 99.00
2011 12 16 05 50 999 99.0 99.0  1.88 10.00  7.12  68 9999.0 999.0 999.0 999.0 99.0 99.00
2011 12 16 06 50 999 99.0 99.0  1.90  9.09  7.33  77 9999.0 999.0 999.0 999.0 99.0 99.00
2011 12 16 07 50 999 99.0 99.0  1.89 10.00  7.21  73 9999.0 999.0 999.0 999.0 99.0 99.00
2011 12 16 08 50 999 99.0 99.0  2.15 10.00  7.55  62 9999.0 999.0 999.0 999.0 99.0 99.00
2011 12 16 09 50 999 99.0 99.0  1.89 10.00  7.40  66 9999.0 999.0 999.0 999.0 99.0 99.00
2011 12 16 10 50 999 99.0 99.0  1.71  9.09  6.84  68 9999.0 999.0 999.0 999.0 99.0 99.00
2011 12 16 11 50 999 99.0 99.0  1.80  9.09  6.98  58 9999.0 999.0 999.0 999.0 99.0 99.00
2011 12 16 12 50 999 99.0 99.0  1.74  9.09  7.06  51 9999.0 999.0 999.0 999.0 99.0 99.00
2011 12 16 13 50 999 99.0 99.0  1.74  9.09  6.99  69 9999.0 999.0 999.0 999.0 99.0 99.00
2011 12 16 14 50 999 99.0 99.0  1.64 10.00  7.00  68 9999.0 999.0 999.0 999.0 99.0 99.00
2011 12 16 15 50 999 99.0 99.0  1.64 10.00  6.89  64 9999.0 999.0 999.0 999.0 99.0 99.00
2011 12 16 16 50 999 99.0 99.0  1.71 10.00  6.89  68 9999.0 999.0 999.0 999.0 99.0 99.00
2011 12 16 17 50 999 99.0 99.0  1.68  9.09  7.31  74 9999.0 999.0 999.0 999.0 99.0 99.00
2011 12 16 18 50 999 99.0 99.0  1.67 10.00  7.29  83 9999.0 999.0 999.0 999.0 99.0 99.00
2011 12 16 19 50 999 99.0 99.0  1.68 10.00  7.38  62 9999.0 999.0 999.0 999.0 99.0 99.00
2011 12 16 20 50 999 99.0 99.0  1.56 10.00  7.30  58 9999.0 999.0 999.0 999.0 99.0 99.00
2011 12 16 21 50 999 99.0 99.0  1.74 10.00  7.53  81 9999.0 999.0 999.0 999.0 99.0 99.00
2011 12 16 22 50 999 99.0 99.0  1.45  9.09  7.20  51 9999.0 999.0 999.0 999.0 99.0 99.00
2011 12 16 23 50 999 99.0 99.0  1.65 10.00  7.47  76 9999.0 999.0 999.0 999.0 99.0 99.00
2011 12 17 00 50 999 99.0 99.0  1.41 10.00  7.07  58 9999.0 999.0 999.0 999.0 99.0 99.00
2011 12 17 01 50 999 99.0 99.0  1.53  9.09  7.24  76 9999.0 999.0 999.0 999.0 99.0 99.00
2011 12 17 02 50 999 99.0 99.0  1.53 10.00  7.24  71 9999.0 999.0 999.0 999.0 99.0 99.00
2011 12 17 03 50 999 99.0 99.0  1.62  8.33  7.25  62 9999.0 999.0 999.0 999.0 99.0 99.00
2011 12 17 04 50 999 99.0 99.0  1.55  8.33  7.25  76 9999.0 999.0 999.0 999.0 99.0 99.00
2011 12 17 05 50 999 99.0 99.0  1.60 10.00  7.45  62 9999.0 999.0 999.0 999.0 99.0 99.00
2011 12 17 06 50 999 99.0 99.0  1.59  9.09  7.38  69 9999.0 999.0 999.0 999.0 99.0 99.00
2011 12 17 07 50 999 99.0 99.0  1.58  8.33  7.62  65 9999.0 999.0 999.0 999.0 99.0 99.00
2011 12 17 08 50 999 99.0 99.0  1.59 10.00  7.41  58 9999.0 999.0 999.0 999.0 99.0 99.00
2011 12 17 09 50 999 99.0 99.0  1.81 10.00  8.17  54 9999.0 999.0 999.0 999.0 99.0 99.00
2011 12 17 11 50 999 99.0 99.0  2.02 10.81  8.30 356 9999.0 999.0 999.0 999.0 99.0 99.00
2011 12 17 12 50 999 99.0 99.0  2.02 10.00  8.25  17 9999.0 999.0 999.0 999.0 99.0 99.00
2011 12 17 13 50 999 99.0 99.0  2.34 13.79  8.73 341 9999.0 999.0 999.0 999.0 99.0 99.00
2011 12 17 14 50 999 99.0 99.0  2.43 12.90  8.54 353 9999.0 999.0 999.0 999.0 99.0 99.00
2011 12 17 15 50 999 99.0 99.0  2.42 10.81  8.48 347 9999.0 999.0 999.0 999.0 99.0 99.00
2011 12 17 16 50 999 99.0 99.0  2.66 10.81  8.16   9 9999.0 999.0 999.0 999.0 99.0 99.00
2011 12 17 17 50 999 99.0 99.0  2.91 10.81  8.71  17 9999.0 999.0 999.0 999.0 99.0 99.00
2011 12 17 18 50 999 99.0 99.0  2.75  9.09  8.55  19 9999.0 999.0 999.0 999.0 99.0 99.00
2011 12 17 19 50 999 99.0 99.0  3.12 12.12  8.97 347 9999.0 999.0 999.0 999.0 99.0 99.00
2011 12 17 20 50 999 99.0 99.0  2.99 11.43  8.68 352 9999.0 999.0 999.0 999.0 99.0 99.00
2011 12 17 22 50 999 99.0 99.0  2.82 10.81  8.68  17 9999.0 999.0 999.0 999.0 99.0 99.00
2011 12 17 23 50 999 99.0 99.0  2.85 10.00  8.62  22 9999.0 999.0 999.0 999.0 99.0 99.00
2011 12 18 00 50 999 99.0 99.0  2.72 13.79  8.77   4 9999.0 999.0 999.0 999.0 99.0 99.00
2011 12 18 02 50 999 99.0 99.0  2.54 11.43  8.17 356 9999.0 999.0 999.0 999.0 99.0 99.00
2011 12 18 03 50 999 99.0 99.0  2.69 10.00  8.40  53 9999.0 999.0 999.0 999.0 99.0 99.00
2011 12 18 04 50 999 99.0 99.0  2.44 10.00  7.92   7 9999.0 999.0 999.0 999.0 99.0 99.00
2011 12 18 05 50 999 99.0 99.0  2.82 12.90  8.21 355 9999.0 999.0 999.0 999.0 99.0 99.00
2011 12 18 06 50 999 99.0 99.0  2.44 10.81  7.53  23 9999.0 999.0 999.0 999.0 99.0 99.00
2011 12 18 07 50 999 99.0 99.0  2.69 10.81  8.00  11 9999.0 999.0 999.0 999.0 99.0 99.00
2011 12 18 08 50 999 99.0 99.0  2.51 13.79  7.80 351 9999.0 999.0 999.0 999.0 99.0 99.00
2011 12 18 09 50 999 99.0 99.0  2.82 13.79  8.20   4 9999.0 999.0 999.0 999.0 99.0 99.00
2011 12 18 10 50 999 99.0 99.0  2.48 10.00  7.43  33 9999.0 999.0 999.0 999.0 99.0 99.00
2011 12 18 11 50 999 99.0 99.0  2.61 12.90  7.93 355 9999.0 999.0 999.0 999.0 99.0 99.00
2011 12 18 12 50 999 99.0 99.0  2.77 12.12  8.39 359 9999.0 999.0 999.0 999.0 99.0 99.00
2011 12 18 13 50 999 99.0 99.0  2.54 12.12  7.68 353 9999.0 999.0 999.0 999.0 99.0 99.00
2011 12 18 14 50 999 99.0 99.0  2.90 12.90  8.08   4 9999.0 999.0 999.0 999.0 99.0 99.00
2011 12 18 15 50 999 99.0 99.0  2.93 11.43  7.96 342 9999.0 999.0 999.0 999.0 99.0 99.00
2011 12 18 16 50 999 99.0 99.0  3.03 11.43  7.95 348 9999.0 999.0 999.0 999.0 99.0 99.00
2011 12 18 17 50 999 99.0 99.0  2.95 13.79  7.99   3 9999.0 999.0 999.0 999.0 99.0 99.00
2011 12 18 18 50 999 99.0 99.0  2.97 10.00  7.66 359 9999.0 999.0 999.0 999.0 99.0 99.00
2011 12 18 19 50 999 99.0 99.0  2.87 10.81  7.82   2 9999.0 999.0 999.0 999.0 99.0 99.00
2011 12 18 20 50 999 99.0 99.0  2.94 12.12  7.68 351 9999.0 999.0 999.0 999.0 99.0 99.00
2011 12 18 21 50 999 99.0 99.0  2.74 10.00  7.62   8 9999.0 999.0 999.0 999.0 99.0 99.00
2011 12 18 22 50 999 99.0 99.0  2.58 10.81  7.39 360 9999.0 999.0 999.0 999.0 99.0 99.00
2011 12 18 23 50 999 99.0 99.0  2.82 10.81  7.95   1 9999.0 999.0 999.0 999.0 99.0 99.00
2011 12 19 00 50 999 99.0 99.0  2.40 10.81  7.21 352 9999.0 999.0 999.0 999.0 99.0 99.00
2011 12 19 01 50 999 99.0 99.0  2.54 10.00  7.35   5 9999.0 999.0 999.0 999.0 99.0 99.00
2011 12 19 02 50 999 99.0 99.0  2.68 10.00  7.64 360 9999.0 999.0 999.0 999.0 99.0 99.00
2011 12 19 03 50 999 99.0 99.0  2.54 10.00  7.64  26 9999.0 999.0 999.0 999.0 99.0 99.00
2011 12 19 04 50 999 99.0 99.0  2.56  9.09  7.43  24 9999.0 999.0 999.0 999.0 99.0 99.00
2011 12 19 05 50 999 99.0 99.0  2.56 10.00  7.64  15 9999.0 999.0 999.0 999.0 99.0 99.00
2011 12 19 06 50 999 99.0 99.0  2.69 10.00  7.78  10 9999.0 999.0 999.0 999.0 99.0 99.00
2011 12 19 07 50 999 99.0 99.0  2.65 11.43  7.92 359 9999.0 999.0 999.0 999.0 99.0 99.00
2011 12 19 08 50 999 99.0 99.0  2.74 10.00  7.86   8 9999.0 999.0 999.0 999.0 99.0 99.00
2011 12 19 09 50 999 99.0 99.0  2.56 11.43  7.80 359 9999.0 999.0 999.0 999.0 99.0 99.00
2011 12 19 10 50 999 99.0 99.0  2.64 10.00  8.06  18 9999.0 999.0 999.0 999.0 99.0 99.00
2011 12 19 11 50 999 99.0 99.0  2.64 10.00  8.15  17 9999.0 999.0 999.0 999.0 99.0 99.00
2011 12 19 12 50 999 99.0 99.0  2.44 10.00  8.01  24 9999.0 999.0 999.0 999.0 99.0 99.00
2011 12 19 13 50 999 99.0 99.0  2.67 10.00  8.21  10 9999.0 999.0 999.0 999.0 99.0 99.00
2011 12 19 14 50 999 99.0 99.0  2.45 10.00  7.98  28 9999.0 999.0 999.0 999.0 99.0 99.00
2011 12 19 15 50 999 99.0 99.0  2.47 10.00  8.02  22 9999.0 999.0 999.0 999.0 99.0 99.00
2011 12 19 16 50 999 99.0 99.0  2.20  9.09  7.53  22 9999.0 999.0 999.0 999.0 99.0 99.00
2011 12 19 17 50 999 99.0 99.0  2.23  9.09  7.38  30 9999.0 999.0 999.0 999.0 99.0 99.00
2011 12 19 18 50 999 99.0 99.0  2.24  9.09  7.63   6 9999.0 999.0 999.0 999.0 99.0 99.00
2011 12 19 19 50 999 99.0 99.0  2.18 10.00  7.50  23 9999.0 999.0 999.0 999.0 99.0 99.00
2011 12 19 20 50 999 99.0 99.0  2.29  9.09  7.79  30 9999.0 999.0 999.0 999.0 99.0 99.00
2011 12 19 21 50 999 99.0 99.0  2.37 10.00  7.78  44 9999.0 999.0 999.0 999.0 99.0 99.00
2011 12 19 22 50 999 99.0 99.0  2.18 10.81  7.62  26 9999.0 999.0 999.0 999.0 99.0 99.00
2011 12 19 23 50 999 99.0 99.0  1.99 10.00  7.37  29 9999.0 999.0 999.0 999.0 99.0 99.00
2011 12 20 00 50 999 99.0 99.0  1.98 10.00  7.55  59 9999.0 999.0 999.0 999.0 99.0 99.00
2011 12 20 01 50 999 99.0 99.0  2.01 10.00  7.58  43 9999.0 999.0 999.0 999.0 99.0 99.00
2011 12 20 02 50 999 99.0 99.0  1.95  9.09  7.48  43 9999.0 999.0 999.0 999.0 99.0 99.00
2011 12 20 03 50 999 99.0 99.0  2.08 10.00  7.26  43 9999.0 999.0 999.0 999.0 99.0 99.00
2011 12 20 04 50 999 99.0 99.0  2.08  9.09  7.11  34 9999.0 999.0 999.0 999.0 99.0 99.00
2011 12 20 05 50 999 99.0 99.0  1.97  7.69  6.85  32 9999.0 999.0 999.0 999.0 99.0 99.00
2011 12 20 06 50 999 99.0 99.0  1.86 10.00  6.79  56 9999.0 999.0 999.0 999.0 99.0 99.00
2011 12 20 07 50 999 99.0 99.0  1.93 10.00  6.72  43 9999.0 999.0 999.0 999.0 99.0 99.00
2011 12 20 08 50 999 99.0 99.0  1.75  9.09  6.24  22 9999.0 999.0 999.0 999.0 99.0 99.00
2011 12 20 09 50 999 99.0 99.0  1.77  9.09  6.09  29 9999.0 999.0 999.0 999.0 99.0 99.00
2011 12 20 11 50 999 99.0 99.0  1.82 10.00  5.39  46 9999.0 999.0 999.0 999.0 99.0 99.00
2011 12 20 12 50 999 99.0 99.0  1.86 10.00  5.80  58 9999.0 999.0 999.0 999.0 99.0 99.00
2011 12 20 13 50 999 99.0 99.0  1.93 10.00  5.70  15 9999.0 999.0 999.0 999.0 99.0 99.00
2011 12 20 14 50 999 99.0 99.0  2.01 10.00  5.83  46 9999.0 999.0 999.0 999.0 99.0 99.00
2011 12 20 15 50 999 99.0 99.0  1.86 10.00  5.53  48 9999.0 999.0 999.0 999.0 99.0 99.00
2011 12 20 16 50 999 99.0 99.0  1.95  9.09  5.63  34 9999.0 999.0 999.0 999.0 99.0 99.00
2011 12 20 17 50 999 99.0 99.0  1.76 10.00  5.61  54 9999.0 999.0 999.0 999.0 99.0 99.00
2011 12 20 18 50 999 99.0 99.0  1.94 10.00  5.88  38 9999.0 999.0 999.0 999.0 99.0 99.00
2011 12 20 19 50 999 99.0 99.0  1.97 10.81  6.12  24 9999.0 999.0 999.0 999.0 99.0 99.00
2011 12 20 20 50 999 99.0 99.0  1.84  8.33  6.20  37 9999.0 999.0 999.0 999.0 99.0 99.00
2011 12 20 22 50 999 99.0 99.0  1.91  9.09  6.11  32 9999.0 999.0 999.0 999.0 99.0 99.00
2011 12 20 23 50 999 99.0 99.0  1.71 10.00  6.08  25 9999.0 999.0 999.0 999.0 99.0 99.00
2011 12 21 00 50 999 99.0 99.0  1.69 10.81  5.71  14 9999.0 999.0 999.0 999.0 99.0 99.00
2011 12 21 01 50 999 99.0 99.0  1.71 10.81  5.95   7 9999.0 999.0 999.0 999.0 99.0 99.00
2011 12 21 02 50 999 99.0 99.0  1.70 10.00  5.86  24 9999.0 999.0 999.0 999.0 99.0 99.00
2011 12 21 03 50 999 99.0 99.0  1.70 10.00  5.62  34 9999.0 999.0 999.0 999.0 99.0 99.00
2011 12 21 04 50 999 99.0 99.0  1.81 10.81  5.51  31 9999.0 999.0 999.0 999.0 99.0 99.00
2011 12 21 05 50 999 99.0 99.0  1.88 10.00  5.48 354 9999.0 999.0 999.0 999.0 99.0 99.00
2011 12 21 06 50 999 99.0 99.0  2.03 10.00  5.69  24 9999.0 999.0 999.0 999.0 99.0 99.00
2011 12 21 07 50 999 99.0 99.0  2.00  5.56  5.52  40 9999.0 999.0 999.0 999.0 99.0 99.00
2011 12 21 08 50 999 99.0 99.0  2.17  5.88  5.58  34 9999.0 999.0 999.0 999.0 99.0 99.00
2011 12 21 09 50 999 99.0 99.0  2.29  6.25  5.76  30 9999.0 999.0 999.0 999.0 99.0 99.00
2011 12 21 10 50 999 99.0 99.0  2.35  6.67  5.81  39 9999.0 999.0 999.0 999.0 99.0 99.00
2011 12 21 11 50 999 99.0 99.0  2.25  6.25  5.77  36 9999.0 999.0 999.0 999.0 99.0 99.00
2011 12 21 12 50 999 99.0 99.0  2.43  5.88  5.84  50 9999.0 999.0 999.0 999.0 99.0 99.00
2011 12 21 13 50 999 99.0 99.0  2.38 10.00  5.98  50 9999.0 999.0 999.0 999.0 99.0 99.00
2011 12 21 14 50 999 99.0 99.0  2.26  6.25  5.87  42 9999.0 999.0 999.0 999.0 99.0 99.00
2011 12 21 15 50 999 99.0 99.0  2.35 10.00  6.25  35 9999.0 999.0 999.0 999.0 99.0 99.00
2011 12 21 16 50 999 99.0 99.0  2.57 12.90  6.33 337 9999.0 999.0 999.0 999.0 99.0 99.00
2011 12 21 17 50 999 99.0 99.0  2.57 12.12  6.56 319 9999.0 999.0 999.0 999.0 99.0 99.00
2011 12 21 18 50 999 99.0 99.0  2.66 12.90  6.86 325 9999.0 999.0 999.0 999.0 99.0 99.00
2011 12 21 19 50 999 99.0 99.0  2.62 12.12  6.89 316 9999.0 999.0 999.0 999.0 99.0 99.00
2011 12 21 20 50 999 99.0 99.0  2.45 12.90  6.81 330 9999.0 999.0 999.0 999.0 99.0 99.00
2011 12 21 21 50 999 99.0 99.0  2.66 12.12  6.82 324 9999.0 999.0 999.0 999.0 99.0 99.00
2011 12 21 22 50 999 99.0 99.0  2.96 12.90  7.42 326 9999.0 999.0 999.0 999.0 99.0 99.00
2011 12 21 23 50 999 99.0 99.0  2.98 10.00  7.31   9 9999.0 999.0 999.0 999.0 99.0 99.00
2011 12 22 01 50 999 99.0 99.0  3.34 14.81  7.91 337 9999.0 999.0 999.0 999.0 99.0 99.00
2011 12 22 02 50 999 99.0 99.0  3.59 14.81  8.45 336 9999.0 999.0 999.0 999.0 99.0 99.00
2011 12 22 03 50 999 99.0 99.0  3.31 14.81  7.76 337 9999.0 999.0 999.0 999.0 99.0 99.00
2011 12 22 04 50 999 99.0 99.0  3.74 14.81  8.39 337 9999.0 999.0 999.0 999.0 99.0 99.00
2011 12 22 05 50 999 99.0 99.0  3.59 13.79  8.47 335 9999.0 999.0 999.0 999.0 99.0 99.00
2011 12 22 06 50 999 99.0 99.0  3.77 14.81  8.84 335 9999.0 999.0 999.0 999.0 99.0 99.00
2011 12 22 07 50 999 99.0 99.0  3.96 14.81  9.11 336 9999.0 999.0 999.0 999.0 99.0 99.00
2011 12 22 08 50 999 99.0 99.0  4.11 14.81  9.06 340 9999.0 999.0 999.0 999.0 99.0 99.00
2011 12 22 09 50 999 99.0 99.0  3.65 14.81  8.61 326 9999.0 999.0 999.0 999.0 99.0 99.00
2011 12 22 10 50 999 99.0 99.0  4.12 13.79  9.05 334 9999.0 999.0 999.0 999.0 99.0 99.00
2011 12 22 11 50 999 99.0 99.0  3.74 14.81  8.86 349 9999.0 999.0 999.0 999.0 99.0 99.00
2011 12 22 12 50 999 99.0 99.0  3.41 13.79  8.57 333 9999.0 999.0 999.0 999.0 99.0 99.00
2011 12 22 14 50 999 99.0 99.0  3.76 12.90  8.93 340 9999.0 999.0 999.0 999.0 99.0 99.00
2011 12 22 15 50 999 99.0 99.0  3.25 13.79  8.20 348 9999.0 999.0 999.0 999.0 99.0 99.00
2011 12 22 16 50 999 99.0 99.0  3.25 13.79  8.22 342 9999.0 999.0 999.0 999.0 99.0 99.00
2011 12 22 17 50 999 99.0 99.0  2.98 13.79  8.08 349 9999.0 999.0 999.0 999.0 99.0 99.00
2011 12 22 18 50 999 99.0 99.0  3.09 13.79  7.97 339 9999.0 999.0 999.0 999.0 99.0 99.00
2011 12 22 19 50 999 99.0 99.0  3.03 12.90  7.73 343 9999.0 999.0 999.0 999.0 99.0 99.00
2011 12 22 20 50 999 99.0 99.0  3.35 13.79  8.33 343 9999.0 999.0 999.0 999.0 99.0 99.00
2011 12 22 21 50 999 99.0 99.0  3.26 13.79  8.10 343 9999.0 999.0 999.0 999.0 99.0 99.00
2011 12 22 22 50 999 99.0 99.0  2.98 12.90  7.40 339 9999.0 999.0 999.0 999.0 99.0 99.00
2011 12 22 23 50 999 99.0 99.0  3.11 12.90  7.39 342 9999.0 999.0 999.0 999.0 99.0 99.00
2011 12 23 00 50 999 99.0 99.0  3.17 10.00  7.26   4 9999.0 999.0 999.0 999.0 99.0 99.00
2011 12 23 01 50 999 99.0 99.0  3.32 13.79  7.56 350 9999.0 999.0 999.0 999.0 99.0 99.00
2011 12 23 02 50 999 99.0 99.0  3.14 12.90  7.24 357 9999.0 999.0 999.0 999.0 99.0 99.00
2011 12 23 03 50 999 99.0 99.0  2.92 11.43  7.18 343 9999.0 999.0 999.0 999.0 99.0 99.00
2011 12 23 04 50 999 99.0 99.0  2.68 13.79  7.33 349 9999.0 999.0 999.0 999.0 99.0 99.00
2011 12 23 05 50 999 99.0 99.0  2.63 11.43  6.80 337 9999.0 999.0 999.0 999.0 99.0 99.00
2011 12 23 06 50 999 99.0 99.0  2.66 12.90  6.98 350 9999.0 999.0 999.0 999.0 99.0 99.00
2011 12 23 07 50 999 99.0 99.0  2.80  9.09  6.98 358 9999.0 999.0 999.0 999.0 99.0 99.00
2011 12 23 08 50 999 99.0 99.0  2.58 12.12  7.05 346 9999.0 999.0 999.0 999.0 99.0 99.00
2011 12 23 09 50 999 99.0 99.0  2.76 12.12  7.07 346 9999.0 999.0 999.0 999.0 99.0 99.00
2011 12 23 10 50 999 99.0 99.0  2.74 12.90  6.80 352 9999.0 999.0 999.0 999.0 99.0 99.00
2011 12 23 11 50 999 99.0 99.0  2.68 10.81  6.81 357 9999.0 999.0 999.0 999.0 99.0 99.00
2011 12 23 12 50 999 99.0 99.0  2.69 12.90  6.89 350 9999.0 999.0 999.0 999.0 99.0 99.00
2011 12 23 13 50 999 99.0 99.0  2.54 11.43  6.54 344 9999.0 999.0 999.0 999.0 99.0 99.00
2011 12 23 14 50 999 99.0 99.0  2.41 12.90  6.61 344 9999.0 999.0 999.0 999.0 99.0 99.00
2011 12 23 15 50 999 99.0 99.0  2.61  8.33  6.92  14 9999.0 999.0 999.0 999.0 99.0 99.00
2011 12 23 16 50 999 99.0 99.0  2.26  9.09  6.48  17 9999.0 999.0 999.0 999.0 99.0 99.00
2011 12 23 17 50 999 99.0 99.0  2.42 12.12  6.54   3 9999.0 999.0 999.0 999.0 99.0 99.00
2011 12 23 18 50 999 99.0 99.0  2.28  7.69  6.44  25 9999.0 999.0 999.0 999.0 99.0 99.00
2011 12 23 19 50 999 99.0 99.0  2.28  9.09  6.64   3 9999.0 999.0 999.0 999.0 99.0 99.00
2011 12 23 20 50 999 99.0 99.0  2.32  8.33  6.43   6 9999.0 999.0 999.0 999.0 99.0 99.00
2011 12 23 22 50 999 99.0 99.0  2.42  9.09  6.65  20 9999.0 999.0 999.0 999.0 99.0 99.00
2011 12 23 23 50 999 99.0 99.0  2.45  9.09  6.64  14 9999.0 999.0 999.0 999.0 99.0 99.00
2011 12 24 00 50 999 99.0 99.0  2.51 10.00  6.55 358 9999.0 999.0 999.0 999.0 99.0 99.00
2011 12 24 01 50 999 99.0 99.0  2.43  9.09  6.47  12 9999.0 999.0 999.0 999.0 99.0 99.00
2011 12 24 02 50 999 99.0 99.0  2.27  8.33  6.33   6 9999.0 999.0 999.0 999.0 99.0 99.00
2011 12 24 03 50 999 99.0 99.0  2.31 12.12  6.49 342 9999.0 999.0 999.0 999.0 99.0 99.00
2011 12 24 04 50 999 99.0 99.0  2.26  9.09  6.40  31 9999.0 999.0 999.0 999.0 99.0 99.00
2011 12 24 05 50 999 99.0 99.0  2.27  5.88  6.26  60 9999.0 999.0 999.0 999.0 99.0 99.00
2011 12 24 06 50 999 99.0 99.0  2.32  8.33  6.33  26 9999.0 999.0 999.0 999.0 99.0 99.00
2011 12 24 07 50 999 99.0 99.0  2.33 12.12  6.40 345 9999.0 999.0 999.0 999.0 99.0 99.00
2011 12 24 08 50 999 99.0 99.0  2.21 12.12  6.52 346 9999.0 999.0 999.0 999.0 99.0 99.00
2011 12 24 09 50 999 99.0 99.0  2.03 11.43  6.07 357 9999.0 999.0 999.0 999.0 99.0 99.00
2011 12 24 10 50 999 99.0 99.0  2.24  9.09  6.62  21 9999.0 999.0 999.0 999.0 99.0 99.00
2011 12 24 11 50 999 99.0 99.0  2.04 10.00  6.25  18 9999.0 999.0 999.0 999.0 99.0 99.00
2011 12 24 12 50 999 99.0 99.0  2.11 11.43  6.51 342 9999.0 999.0 999.0 999.0 99.0 99.00
2011 12 24 13 50 999 99.0 99.0  2.04 11.43  6.63 345 9999.0 999.0 999.0 999.0 99.0 99.00
2011 12 24 14 50 999 99.0 99.0  2.00  9.09  6.50  26 9999.0 999.0 999.0 999.0 99.0 99.00
2011 12 24 15 50 999 99.0 99.0  1.94 10.81  6.50 351 9999.0 999.0 999.0 999.0 99.0 99.00
2011 12 24 16 50 999 99.0 99.0  1.87  9.09  6.60  14 9999.0 999.0 999.0 999.0 99.0 99.00
2011 12 24 17 50 999 99.0 99.0  1.92 10.81  6.64 349 9999.0 999.0 999.0 999.0 99.0 99.00
2011 12 24 18 50 999 99.0 99.0  1.83  8.33  6.55  25 9999.0 999.0 999.0 999.0 99.0 99.00
2011 12 24 19 50 999 99.0 99.0  1.95  9.09  6.79  16 9999.0 999.0 999.0 999.0 99.0 99.00
2011 12 24 20 50 999 99.0 99.0  1.96 10.81  6.89 347 9999.0 999.0 999.0 999.0 99.0 99.00
2011 12 24 21 50 999 99.0 99.0  1.91  8.33  6.71  23 9999.0 999.0 999.0 999.0 99.0 99.00
2011 12 24 22 50 999 99.0 99.0  1.70 10.00  6.34 360 9999.0 999.0 999.0 999.0 99.0 99.00
2011 12 24 23 50 999 99.0 99.0  1.75  9.09  6.33  30 9999.0 999.0 999.0 999.0 99.0 99.00
2011 12 25 00 50 999 99.0 99.0  1.89 10.81  6.72 347 9999.0 999.0 999.0 999.0 99.0 99.00
2011 12 25 01 50 999 99.0 99.0  1.78 10.00  6.45  14 9999.0 999.0 999.0 999.0 99.0 99.00
2011 12 25 02 50 999 99.0 99.0  1.80 10.00  6.43 341 9999.0 999.0 999.0 999.0 99.0 99.00
2011 12 25 03 50 999 99.0 99.0  1.77  9.09  6.32   1 9999.0 999.0 999.0 999.0 99.0 99.00
2011 12 25 04 50 999 99.0 99.0  1.74  8.33  6.35  39 9999.0 999.0 999.0 999.0 99.0 99.00
2011 12 25 05 50 999 99.0 99.0  1.66 10.00  6.45 354 9999.0 999.0 999.0 999.0 99.0 99.00
2011 12 25 06 50 999 99.0 99.0  1.70 10.00  6.36 345 9999.0 999.0 999.0 999.0 99.0 99.00
2011 12 25 07 50 999 99.0 99.0  1.66  7.69  6.31  85 9999.0 999.0 999.0 999.0 99.0 99.00
2011 12 25 08 50 999 99.0 99.0  1.65 10.00  6.60 355 9999.0 999.0 999.0 999.0 99.0 99.00
2011 12 25 09 50 999 99.0 99.0  1.65  9.09  6.35  33 9999.0 999.0 999.0 999.0 99.0 99.00
2011 12 25 10 50 999 99.0 99.0  1.59 10.81  6.31   3 9999.0 999.0 999.0 999.0 99.0 99.00
2011 12 25 11 50 999 99.0 99.0  1.70  9.09  6.26  10 9999.0 999.0 999.0 999.0 99.0 99.00
2011 12 25 12 50 999 99.0 99.0  1.60  9.09  6.12  31 9999.0 999.0 999.0 999.0 99.0 99.00
2011 12 25 14 50 999 99.0 99.0  1.59  8.33  5.95  36 9999.0 999.0 999.0 999.0 99.0 99.00
2011 12 25 15 50 999 99.0 99.0  1.62  9.09  5.89  30 9999.0 999.0 999.0 999.0 99.0 99.00
2011 12 25 16 50 999 99.0 99.0  1.56  8.33  6.00  43 9999.0 999.0 999.0 999.0 99.0 99.00
2011 12 25 17 50 999 99.0 99.0  1.59  7.69  5.97  30 9999.0 999.0 999.0 999.0 99.0 99.00
2011 12 25 18 50 999 99.0 99.0  1.56  9.09  5.63  46 9999.0 999.0 999.0 999.0 99.0 99.00
2011 12 25 19 50 999 99.0 99.0  1.54  8.33  5.46  22 9999.0 999.0 999.0 999.0 99.0 99.00
2011 12 25 20 50 999 99.0 99.0  1.49  8.33  5.51  56 9999.0 999.0 999.0 999.0 99.0 99.00
2011 12 25 21 50 999 99.0 99.0  1.64  8.33  5.56  71 9999.0 999.0 999.0 999.0 99.0 99.00
2011 12 25 22 50 999 99.0 99.0  1.60  7.69  5.26  47 9999.0 999.0 999.0 999.0 99.0 99.00
2011 12 25 23 50 999 99.0 99.0  1.62  8.33  5.36  51 9999.0 999.0 999.0 999.0 99.0 99.00
2011 12 26 00 50 999 99.0 99.0  1.64  8.33  5.32  61 9999.0 999.0 999.0 999.0 99.0 99.00
2011 12 26 01 50 999 99.0 99.0  1.62  9.09  5.52  27 9999.0 999.0 999.0 999.0 99.0 99.00
2011 12 26 02 50 999 99.0 99.0  1.70  7.69  5.43  52 9999.0 999.0 999.0 999.0 99.0 99.00
2011 12 26 03 50 999 99.0 99.0  1.61  9.09  5.39  24 9999.0 999.0 999.0 999.0 99.0 99.00
2011 12 26 04 50 999 99.0 99.0  1.67  9.09  5.48  27 9999.0 999.0 999.0 999.0 99.0 99.00
2011 12 26 05 50 999 99.0 99.0  1.61  9.09  5.44  15 9999.0 999.0 999.0 999.0 99.0 99.00
2011 12 26 06 50 999 99.0 99.0  1.69  7.69  5.51  74 9999.0 999.0 999.0 999.0 99.0 99.00
2011 12 26 07 50 999 99.0 99.0  1.62  8.33  5.38  64 9999.0 999.0 999.0 999.0 99.0 99.00
2011 12 26 08 50 999 99.0 99.0  1.67  8.33  5.46  55 9999.0 999.0 999.0 999.0 99.0 99.00
2011 12 26 09 50 999 99.0 99.0  1.59  8.33  5.28  60 9999.0 999.0 999.0 999.0 99.0 99.00
2011 12 26 10 50 999 99.0 99.0  1.65  8.33  5.44  82 9999.0 999.0 999.0 999.0 99.0 99.00
2011 12 26 11 50 999 99.0 99.0  1.69  8.33  5.42  96 9999.0 999.0 999.0 999.0 99.0 99.00
2011 12 26 12 50 999 99.0 99.0  1.90  9.09  5.92  61 9999.0 999.0 999.0 999.0 99.0 99.00
2011 12 26 13 50 999 99.0 99.0  2.00 10.00  6.08  72 9999.0 999.0 999.0 999.0 99.0 99.00
2011 12 26 15 50 999 99.0 99.0  2.27  9.09  6.81  91 9999.0 999.0 999.0 999.0 99.0 99.00
2011 12 26 16 50 999 99.0 99.0  2.34  9.09  6.93  87 9999.0 999.0 999.0 999.0 99.0 99.00
2011 12 26 17 50 999 99.0 99.0  2.24 10.00  6.77  96 9999.0 999.0 999.0 999.0 99.0 99.00
2011 12 26 18 50 999 99.0 99.0  2.38 10.00  6.91 104 9999.0 999.0 999.0 999.0 99.0 99.00
2011 12 26 19 50 999 99.0 99.0  2.36  9.09  6.81 100 9999.0 999.0 999.0 999.0 99.0 99.00
2011 12 26 20 50 999 99.0 99.0  2.52  9.09  7.13 103 9999.0 999.0 999.0 999.0 99.0 99.00
2011 12 26 22 50 999 99.0 99.0  1.88 10.00  6.30  97 9999.0 999.0 999.0 999.0 99.0 99.00
2011 12 26 23 50 999 99.0 99.0  1.99  8.33  6.66 103 9999.0 999.0 999.0 999.0 99.0 99.00
2011 12 27 01 50 999 99.0 99.0  2.00  9.09  6.30 104 9999.0 999.0 999.0 999.0 99.0 99.00
2011 12 27 02 50 999 99.0 99.0  2.04  9.09  6.58  86 9999.0 999.0 999.0 999.0 99.0 99.00
2011 12 27 03 50 999 99.0 99.0  2.01  9.09  6.28  79 9999.0 999.0 999.0 999.0 99.0 99.00
2011 12 27 04 50 999 99.0 99.0  2.05  9.09  6.37  89 9999.0 999.0 999.0 999.0 99.0 99.00
2011 12 27 05 50 999 99.0 99.0  1.93  9.09  6.09  82 9999.0 999.0 999.0 999.0 99.0 99.00
2011 12 27 06 50 999 99.0 99.0  1.93  9.09  6.33  75 9999.0 999.0 999.0 999.0 99.0 99.00
2011 12 27 07 50 999 99.0 99.0  1.90  8.33  6.31  97 9999.0 999.0 999.0 999.0 99.0 99.00
2011 12 27 08 50 999 99.0 99.0  1.94  8.33  6.27  98 9999.0 999.0 999.0 999.0 99.0 99.00
2011 12 27 09 50 999 99.0 99.0  1.91  8.33  5.98  92 9999.0 999.0 999.0 999.0 99.0 99.00
2011 12 27 10 50 999 99.0 99.0  1.76  8.33  5.97  98 9999.0 999.0 999.0 999.0 99.0 99.00
2011 12 27 11 50 999 99.0 99.0  1.84  9.09  6.12  82 9999.0 999.0 999.0 999.0 99.0 99.00
2011 12 27 12 50 999 99.0 99.0  1.90  9.09  6.28  80 9999.0 999.0 999.0 999.0 99.0 99.00
2011 12 27 13 50 999 99.0 99.0  1.88  9.09  6.19  81 9999.0 999.0 999.0 999.0 99.0 99.00
2011 12 27 14 50 999 99.0 99.0  1.80  8.33  6.32  76 9999.0 999.0 999.0 999.0 99.0 99.00
2011 12 27 15 50 999 99.0 99.0  1.88  8.33  6.38  95 9999.0 999.0 999.0 999.0 99.0 99.00
2011 12 27 16 50 999 99.0 99.0  1.79  9.09  6.35  73 9999.0 999.0 999.0 999.0 99.0 99.00
2011 12 27 17 50 999 99.0 99.0  1.73  8.33  6.26  74 9999.0 999.0 999.0 999.0 99.0 99.00
2011 12 27 18 50 999 99.0 99.0  1.81  9.09  6.36  91 9999.0 999.0 999.0 999.0 99.0 99.00
2011 12 27 19 50 999 99.0 99.0  1.89  9.09  6.47  66 9999.0 999.0 999.0 999.0 99.0 99.00
2011 12 27 20 50 999 99.0 99.0  1.87  9.09  6.41  86 9999.0 999.0 999.0 999.0 99.0 99.00
2011 12 27 21 50 999 99.0 99.0  1.74  9.09  5.97 104 9999.0 999.0 999.0 999.0 99.0 99.00
2011 12 27 22 50 999 99.0 99.0  1.92  9.09  6.25  86 9999.0 999.0 999.0 999.0 99.0 99.00
2011 12 27 23 50 999 99.0 99.0  1.79  9.09  6.13  86 9999.0 999.0 999.0 999.0 99.0 99.00
2011 12 28 00 50 999 99.0 99.0  1.60  8.33  5.95  92 9999.0 999.0 999.0 999.0 99.0 99.00
2011 12 28 01 50 999 99.0 99.0  1.61  8.33  6.15  79 9999.0 999.0 999.0 999.0 99.0 99.00
2011 12 28 02 50 999 99.0 99.0  1.75  8.33  6.29  88 9999.0 999.0 999.0 999.0 99.0 99.00
2011 12 28 03 50 999 99.0 99.0  1.71  9.09  5.93  53 9999.0 999.0 999.0 999.0 99.0 99.00
2011 12 28 04 50 999 99.0 99.0  1.69  9.09  6.00  66 9999.0 999.0 999.0 999.0 99.0 99.00
2011 12 28 05 50 999 99.0 99.0  1.82  8.33  6.02  70 9999.0 999.0 999.0 999.0 99.0 99.00
2011 12 28 06 50 999 99.0 99.0  1.88  8.33  6.07  80 9999.0 999.0 999.0 999.0 99.0 99.00
2011 12 28 07 50 999 99.0 99.0  1.73  7.69  5.78  93 9999.0 999.0 999.0 999.0 99.0 99.00
2011 12 28 08 50 999 99.0 99.0  1.78  9.09  5.89  55 9999.0 999.0 999.0 999.0 99.0 99.00
2011 12 28 09 50 999 99.0 99.0  1.80  9.09  5.73  46 9999.0 999.0 999.0 999.0 99.0 99.00
2011 12 28 10 50 999 99.0 99.0  1.76  9.09  5.62  74 9999.0 999.0 999.0 999.0 99.0 99.00
2011 12 28 11 50 999 99.0 99.0  1.75  9.09  5.63  71 9999.0 999.0 999.0 999.0 99.0 99.00
2011 12 28 12 50 999 99.0 99.0  1.87  9.09  5.62  51 9999.0 999.0 999.0 999.0 99.0 99.00
2011 12 28 14 50 999 99.0 99.0  1.88  9.09  5.73  64 9999.0 999.0 999.0 999.0 99.0 99.00
2011 12 28 15 50 999 99.0 99.0  1.89  8.33  5.52  92 9999.0 999.0 999.0 999.0 99.0 99.00
2011 12 28 16 50 999 99.0 99.0  2.02  9.09  5.81  63 9999.0 999.0 999.0 999.0 99.0 99.00
2011 12 28 17 50 999 99.0 99.0  1.99  8.33  5.84  79 9999.0 999.0 999.0 999.0 99.0 99.00
2011 12 28 18 50 999 99.0 99.0  2.12  9.09  5.99  60 9999.0 999.0 999.0 999.0 99.0 99.00
2011 12 28 19 50 999 99.0 99.0  1.70  8.33  5.49  89 9999.0 999.0 999.0 999.0 99.0 99.00
2011 12 28 20 50 999 99.0 99.0  2.14  8.33  5.98  69 9999.0 999.0 999.0 999.0 99.0 99.00
2011 12 28 21 50 999 99.0 99.0  2.03  7.69  5.70 109 9999.0 999.0 999.0 999.0 99.0 99.00
2011 12 28 22 50 999 99.0 99.0  1.88  7.14  5.55  91 9999.0 999.0 999.0 999.0 99.0 99.00
2011 12 29 00 50 999 99.0 99.0  2.04  8.33  5.63  89 9999.0 999.0 999.0 999.0 99.0 99.00
2011 12 29 01 50 999 99.0 99.0  1.87  6.67  5.38 104 9999.0 999.0 999.0 999.0 99.0 99.00
2011 12 29 03 50 999 99.0 99.0  2.09  7.69  5.59  84 9999.0 999.0 999.0 999.0 99.0 99.00
2011 12 29 04 50 999 99.0 99.0  2.14  9.09  5.57  71 9999.0 999.0 999.0 999.0 99.0 99.00
2011 12 29 05 50 999 99.0 99.0  2.08  8.33  5.49  78 9999.0 999.0 999.0 999.0 99.0 99.00
2011 12 29 06 50 999 99.0 99.0  2.19 10.00  5.71  31 9999.0 999.0 999.0 999.0 99.0 99.00
2011 12 29 07 50 999 99.0 99.0  2.28  7.14  5.83 113 9999.0 999.0 999.0 999.0 99.0 99.00
2011 12 29 08 50 999 99.0 99.0  2.30  7.14  5.74  83 9999.0 999.0 999.0 999.0 99.0 99.00
2011 12 29 09 50 999 99.0 99.0  2.50  7.14  5.83  75 9999.0 999.0 999.0 999.0 99.0 99.00
2011 12 29 10 50 999 99.0 99.0  2.60  6.67  5.92  84 9999.0 999.0 999.0 999.0 99.0 99.00
2011 12 29 11 50 999 99.0 99.0  2.64  7.14  5.94  94 9999.0 999.0 999.0 999.0 99.0 99.00
2011 12 29 12 50 999 99.0 99.0  2.45  6.67  5.94  89 9999.0 999.0 999.0 999.0 99.0 99.00
2011 12 29 13 50 999 99.0 99.0  2.58  7.69  5.97  93 9999.0 999.0 999.0 999.0 99.0 99.00
2011 12 29 14 50 999 99.0 99.0  2.81  8.33  6.25 100 9999.0 999.0 999.0 999.0 99.0 99.00
2011 12 29 15 50 999 99.0 99.0  2.79  7.69  6.36  84 9999.0 999.0 999.0 999.0 99.0 99.00
2011 12 29 16 50 999 99.0 99.0  3.15 13.79  6.81 345 9999.0 999.0 999.0 999.0 99.0 99.00
2011 12 29 17 50 999 99.0 99.0  3.06  7.69  6.63  87 9999.0 999.0 999.0 999.0 99.0 99.00
2011 12 29 18 50 999 99.0 99.0  3.21 14.81  6.83 348 9999.0 999.0 999.0 999.0 99.0 99.00
2011 12 29 19 50 999 99.0 99.0  3.31 16.00  7.21 351 9999.0 999.0 999.0 999.0 99.0 99.00
2011 12 29 20 50 999 99.0 99.0  3.36 16.00  7.20 335 9999.0 999.0 999.0 999.0 99.0 99.00
2011 12 29 22 50 999 99.0 99.0  3.31 14.81  7.02 328 9999.0 999.0 999.0 999.0 99.0 99.00
2011 12 29 23 50 999 99.0 99.0  3.71 14.81  7.37 330 9999.0 999.0 999.0 999.0 99.0 99.00
2011 12 30 00 50 999 99.0 99.0  3.37 13.79  6.99 337 9999.0 999.0 999.0 999.0 99.0 99.00
2011 12 30 01 50 999 99.0 99.0  3.61 14.81  7.05 337 9999.0 999.0 999.0 999.0 99.0 99.00
2011 12 30 02 50 999 99.0 99.0  3.52 14.81  7.34 342 9999.0 999.0 999.0 999.0 99.0 99.00
2011 12 30 03 50 999 99.0 99.0  3.45 13.79  6.94 329 9999.0 999.0 999.0 999.0 99.0 99.00
2011 12 30 04 50 999 99.0 99.0  3.76  8.33  7.21  88 9999.0 999.0 999.0 999.0 99.0 99.00
2011 12 30 05 50 999 99.0 99.0  3.61 13.79  7.32 333 9999.0 999.0 999.0 999.0 99.0 99.00
2011 12 30 06 50 999 99.0 99.0  3.37 12.90  6.93 338 9999.0 999.0 999.0 999.0 99.0 99.00
2011 12 30 07 50 999 99.0 99.0  3.72  8.33  7.22 104 9999.0 999.0 999.0 999.0 99.0 99.00
2011 12 30 08 50 999 99.0 99.0  3.81 13.79  7.56 345 9999.0 999.0 999.0 999.0 99.0 99.00
2011 12 30 09 50 999 99.0 99.0  3.75 13.79  7.59 347 9999.0 999.0 999.0 999.0 99.0 99.00
2011 12 30 10 50 999 99.0 99.0  3.98 13.79  7.38 351 9999.0 999.0 999.0 999.0 99.0 99.00
2011 12 30 11 50 999 99.0 99.0  3.72 13.79  7.40 328 9999.0 999.0 999.0 999.0 99.0 99.00
2011 12 30 12 50 999 99.0 99.0  3.71  8.33  6.97  84 9999.0 999.0 999.0 999.0 99.0 99.00
2011 12 30 13 50 999 99.0 99.0  3.24  8.33  6.77  84 9999.0 999.0 999.0 999.0 99.0 99.00
2011 12 30 14 50 999 99.0 99.0  3.33  8.33  6.97  85 9999.0 999.0 999.0 999.0 99.0 99.00
2011 12 30 15 50 999 99.0 99.0  3.11  9.09  6.75  90 9999.0 999.0 999.0 999.0 99.0 99.00
2011 12 30 16 50 999 99.0 99.0  3.23  9.09  6.94  58 9999.0 999.0 999.0 999.0 99.0 99.00
2011 12 30 17 50 999 99.0 99.0  3.40  9.09  7.09  76 9999.0 999.0 999.0 999.0 99.0 99.00
2011 12 30 18 50 999 99.0 99.0  3.16  8.33  7.08  68 9999.0 999.0 999.0 999.0 99.0 99.00
2011 12 30 19 50 999 99.0 99.0  3.32  9.09  7.13  72 9999.0 999.0 999.0 999.0 99.0 99.00
2011 12 30 20 50 999 99.0 99.0  3.17  8.33  6.97  65 9999.0 999.0 999.0 999.0 99.0 99.00
2011 12 30 21 50 999 99.0 99.0  3.36  9.09  7.20  72 9999.0 999.0 999.0 999.0 99.0 99.00
2011 12 30 22 50 999 99.0 99.0  3.16  8.33  6.99  60 9999.0 999.0 999.0 999.0 99.0 99.00
2011 12 30 23 50 999 99.0 99.0  3.43  9.09  7.08  68 9999.0 999.0 999.0 999.0 99.0 99.00
2011 12 31 00 50 999 99.0 99.0  3.17  9.09  6.81  78 9999.0 999.0 999.0 999.0 99.0 99.00
2011 12 31 01 50 999 99.0 99.0  3.06  9.09  6.60  71 9999.0 999.0 999.0 999.0 99.0 99.00
2011 12 31 02 50 999 99.0 99.0  3.35  9.09  6.93  72 9999.0 999.0 999.0 999.0 99.0 99.00
2011 12 31 03 50 999 99.0 99.0  3.54  9.09  7.15  68 9999.0 999.0 999.0 999.0 99.0 99.00
2011 12 31 04 50 999 99.0 99.0  3.08  9.09  6.64  90 9999.0 999.0 999.0 999.0 99.0 99.00
2011 12 31 05 50 999 99.0 99.0  3.26  9.09  6.72  77 9999.0 999.0 999.0 999.0 99.0 99.00
2011 12 31 06 50 999 99.0 99.0  3.26  9.09  7.01  88 9999.0 999.0 999.0 999.0 99.0 99.00
2011 12 31 07 50 999 99.0 99.0  3.08  9.09  6.76  86 9999.0 999.0 999.0 999.0 99.0 99.00
2011 12 31 08 50 999 99.0 99.0  3.06  9.09  6.67  68 9999.0 999.0 999.0 999.0 99.0 99.00
2011 12 31 09 50 999 99.0 99.0  3.20  9.09  6.72  78 9999.0 999.0 999.0 999.0 99.0 99.00
2011 12 31 10 50 999 99.0 99.0  3.32  9.09  6.76  70 9999.0 999.0 999.0 999.0 99.0 99.00
2011 12 31 11 50 999 99.0 99.0  3.29  9.09  6.58  58 9999.0 999.0 999.0 999.0 99.0 99.00
2011 12 31 12 50 999 99.0 99.0  3.23  9.09  6.81  66 9999.0 999.0 999.0 999.0 99.0 99.00
2011 12 31 14 50 999 99.0 99.0  3.16  9.09  6.54  62 9999.0 999.0 999.0 999.0 99.0 99.00
2011 12 31 15 50 999 99.0 99.0  3.08 10.00  6.64  59 9999.0 999.0 999.0 999.0 99.0 99.00
2011 12 31 16 50 999 99.0 99.0  3.20  9.09  6.62  73 9999.0 999.0 999.0 999.0 99.0 99.00
2011 12 31 17 50 999 99.0 99.0  3.31 10.00  6.71  63 9999.0 999.0 999.0 999.0 99.0 99.00
2011 12 31 18 50 999 99.0 99.0  3.18  9.09  6.74  60 9999.0 999.0 999.0 999.0 99.0 99.00
2011 12 31 19 50 999 99.0 99.0  3.09  9.09  6.50  59 9999.0 999.0 999.0 999.0 99.0 99.00
2011 12 31 20 50 999 99.0 99.0  3.15  9.09  6.69  55 9999.0 999.0 999.0 999.0 99.0 99.00
2011 12 31 21 50 999 99.0 99.0  2.97 10.00  6.67  52 9999.0 999.0 999.0 999.0 99.0 99.00
2011 12 31 22 50 999 99.0 99.0  3.38 10.00  7.00  53 9999.0 999.0 999.0 999.0 99.0 99.00
