YYYY MM DD hh mm  WD  WSPD GST  WVHT  DPD   APD  MWD  BAR    ATMP  WTMP  DEWP  VIS  TIDE
2005 02 24 00 00  90 11.0 99.0 99.00 99.00 99.00 999 1018.6  14.6 999.0 999.0 99.0 99.00
2005 02 24 02 00  70 12.0 99.0 99.00 99.00 99.00 999 1018.5  15.0 999.0 999.0 99.0 99.00
2005 02 24 04 00  70 11.0 99.0 99.00 99.00 99.00 999 1017.4  16.1 999.0 999.0 99.0 99.00
2005 02 24 06 00  60 11.0 99.0 99.00 99.00 99.00 999 1015.9  15.9 999.0 999.0 99.0 99.00
2005 02 24 08 00  60  9.0 99.0 99.00 99.00 99.00 999 1013.9  15.8 999.0 999.0 99.0 99.00
2005 02 24 10 00  70  5.0 99.0 99.00 99.00 99.00 999 1013.6  14.8 999.0 999.0 99.0 99.00
2005 02 24 12 00 210  8.0 99.0 99.00 99.00 99.00 999 1013.0  18.0 999.0 999.0 99.0 99.00
2005 02 24 14 00 240  6.0 99.0 99.00 99.00 99.00 999 1012.4  17.9 999.0 999.0 99.0 99.00
2005 02 24 16 00 240  8.0 99.0 99.00 99.00 99.00 999 1011.5  19.5 999.0 999.0 99.0 99.00
2005 02 24 18 00 240  7.0 99.0 99.00 99.00 99.00 999 1009.7  19.4 999.0 999.0 99.0 99.00
2005 02 24 20 00 300  5.0 99.0 99.00 99.00 99.00 999 1009.2  16.3 999.0 999.0 99.0 99.00
2005 02 24 22 00 320  7.0 99.0 99.00 99.00 99.00 999 1009.6  12.8 999.0 999.0 99.0 99.00
2005 02 25 00 00 360  8.0 99.0 99.00 99.00 99.00 999 1011.1  11.1 999.0 999.0 99.0 99.00
2005 02 25 02 00 360  9.0 99.0 99.00 99.00 99.00 999 1012.6  10.3 999.0 999.0 99.0 99.00
2005 02 25 04 00 350 10.0 99.0 99.00 99.00 99.00 999 1013.4   9.3 999.0 999.0 99.0 99.00
2005 02 25 06 00  10  6.0 99.0 99.00 99.00 99.00 999 1014.8   8.2 999.0 999.0 99.0 99.00
2005 02 25 08 00  10 10.0 99.0 99.00 99.00 99.00 999 1015.6   7.6 999.0 999.0 99.0 99.00
2005 02 25 10 00  30  7.0 99.0 99.00 99.00 99.00 999 1016.2   7.4 999.0 999.0 99.0 99.00
2005 02 25 12 00  40  8.0 99.0 99.00 99.00 99.00 999 1017.3   7.1 999.0 999.0 99.0 99.00
2005 02 25 14 00  50  9.0 99.0 99.00 99.00 99.00 999 1019.2   7.4 999.0 999.0 99.0 99.00
2005 02 25 16 00  40 10.0 99.0 99.00 99.00 99.00 999 1019.4   7.6 999.0 999.0 99.0 99.00
2005 02 25 18 00  40  9.0 99.0 99.00 99.00 99.00 999 1018.8   7.8 999.0 999.0 99.0 99.00
2005 02 25 20 00  60  9.0 99.0 99.00 99.00 99.00 999 1018.8   7.9 999.0 999.0 99.0 99.00
2005 02 25 22 00  30  9.0 99.0 99.00 99.00 99.00 999 1019.0   7.8 999.0 999.0 99.0 99.00
2005 02 26 00 00  50  8.0 99.0 99.00 99.00 99.00 999 1019.8   8.0 999.0 999.0 99.0 99.00
2005 02 26 02 00  50  9.0 99.0 99.00 99.00 99.00 999 1020.1   7.8 999.0 999.0 99.0 99.00
2005 02 26 04 00  50 13.0 99.0 99.00 99.00 99.00 999 1020.5   7.9 999.0 999.0 99.0 99.00
2005 02 26 06 00  60  8.0 99.0 99.00 99.00 99.00 999 1020.4   7.8 999.0 999.0 99.0 99.00
2005 02 26 08 00  50  9.0 99.0 99.00 99.00 99.00 999 1020.3   8.2 999.0 999.0 99.0 99.00
2005 02 26 10 00  40 10.0 99.0 99.00 99.00 99.00 999 1020.8   9.1 999.0 999.0 99.0 99.00
2005 02 26 12 00  40 10.0 99.0 99.00 99.00 99.00 999 1021.6  10.1 999.0 999.0 99.0 99.00
2005 02 27 14 00  60 12.0 99.0 99.00 99.00 99.00 999 1020.7  14.2 999.0 999.0 99.0 99.00
2005 02 27 18 00  70 14.0 99.0 99.00 99.00 99.00 999 1017.1  14.5 999.0 999.0 99.0 99.00
2005 02 27 22 00  70 14.0 99.0 99.00 99.00 99.00 999 1012.2  13.6 999.0 999.0 99.0 99.00
2005 02 28 00 00  70 13.0 99.0 99.00 99.00 99.00 999 1008.8 999.0 999.0 999.0 99.0 99.00
2005 09 08 21 00 999 99.0 99.0 99.00 99.00 99.00 999 1014.7 999.0 999.0 999.0 99.0 99.00
2005 09 09 03 00 999 99.0 99.0 99.00 99.00 99.00 999 1015.0 999.0 999.0 999.0 99.0 99.00
2005 09 09 05 00 999 99.0 99.0 99.00 99.00 99.00 999 1014.3 999.0 999.0 999.0 99.0 99.00
2005 09 09 07 00 999 99.0 99.0 99.00 99.00 99.00 999 1013.7 999.0 999.0 999.0 99.0 99.00
2005 09 09 09 00 999 99.0 99.0 99.00 99.00 99.00 999 1013.2 999.0 999.0 999.0 99.0 99.00
2005 09 09 11 00 999 99.0 99.0 99.00 99.00 99.00 999 1013.6 999.0 999.0 999.0 99.0 99.00
2005 09 09 15 00 999 99.0 99.0 99.00 99.00 99.00 999 1014.4 999.0 999.0 999.0 99.0 99.00
2005 09 09 21 00 999 99.0 99.0 99.00 99.00 99.00 999 1012.9 999.0 999.0 999.0 99.0 99.00
2005 09 09 23 00 999 99.0 99.0 99.00 99.00 99.00 999 1012.4 999.0 999.0 999.0 99.0 99.00
2005 09 10 01 00 999 99.0 99.0 99.00 99.00 99.00 999 1012.2 999.0 999.0 999.0 99.0 99.00
2005 09 10 05 00 999 99.0 99.0 99.00 99.00 99.00 999 1011.9 999.0 999.0 999.0 99.0 99.00
2005 09 10 07 00 999 99.0 99.0 99.00 99.00 99.00 999 1011.2 999.0 999.0 999.0 99.0 99.00
2005 09 10 09 00 999 99.0 99.0 99.00 99.00 99.00 999 1011.1 999.0 999.0 999.0 99.0 99.00
2005 09 10 11 00 999 99.0 99.0 99.00 99.00 99.00 999 1011.2 999.0 999.0 999.0 99.0 99.00
2005 09 10 13 00 999 99.0 99.0 99.00 99.00 99.00 999 1011.4 999.0 999.0 999.0 99.0 99.00
2005 09 10 15 00 999 99.0 99.0 99.00 99.00 99.00 999 1012.0 999.0 999.0 999.0 99.0 99.00
2005 09 10 17 00 999 99.0 99.0 99.00 99.00 99.00 999 1012.0 999.0 999.0 999.0 99.0 99.00
2005 09 10 21 00 999 99.0 99.0 99.00 99.00 99.00 999 1011.0 999.0 999.0 999.0 99.0 99.00
2005 09 10 23 00 999 99.0 99.0 99.00 99.00 99.00 999 1013.0 999.0 999.0 999.0 99.0 99.00
2005 09 11 01 00 999 99.0 99.0 99.00 99.00 99.00 999 1014.0 999.0 999.0 999.0 99.0 99.00
2005 09 11 03 00 999 99.0 99.0 99.00 99.00 99.00 999 1013.0 999.0 999.0 999.0 99.0 99.00
2005 09 11 15 00 999 99.0 99.0 99.00 99.00 99.00 999 1016.0 999.0 999.0 999.0 99.0 99.00
2005 09 11 19 00 999 99.0 99.0 99.00 99.00 99.00 999 1015.0 999.0 999.0 999.0 99.0 99.00
2005 09 11 21 00 999 99.0 99.0 99.00 99.00 99.00 999 1015.0 999.0 999.0 999.0 99.0 99.00
2005 09 11 23 00 999 99.0 99.0 99.00 99.00 99.00 999 1014.0 999.0 999.0 999.0 99.0 99.00
2005 09 12 01 00 999 99.0 99.0 99.00 99.00 99.00 999 1015.0 999.0 999.0 999.0 99.0 99.00
2005 09 12 03 00 999 99.0 99.0 99.00 99.00 99.00 999 1015.0 999.0 999.0 999.0 99.0 99.00
2005 09 12 05 00 999 99.0 99.0 99.00 99.00 99.00 999 1014.0 999.0 999.0 999.0 99.0 99.00
2005 09 12 07 00 999 99.0 99.0 99.00 99.00 99.00 999 1014.0 999.0 999.0 999.0 99.0 99.00
2005 09 12 09 00 999 99.0 99.0 99.00 99.00 99.00 999 1013.0 999.0 999.0 999.0 99.0 99.00
2005 09 12 11 00 999 99.0 99.0 99.00 99.00 99.00 999 1013.0 999.0 999.0 999.0 99.0 99.00
2005 09 12 13 00 999 99.0 99.0 99.00 99.00 99.00 999 1013.0 999.0 999.0 999.0 99.0 99.00
2005 09 12 15 00 999 99.0 99.0 99.00 99.00 99.00 999 1011.0 999.0 999.0 999.0 99.0 99.00
2005 09 12 19 00 999 99.0 99.0 99.00 99.00 99.00 999 1009.0 999.0 999.0 999.0 99.0 99.00
2005 09 12 21 00 999 99.0 99.0 99.00 99.00 99.00 999 1007.0 999.0 999.0 999.0 99.0 99.00
2005 09 12 23 00 999 99.0 99.0 99.00 99.00 99.00 999 1007.0 999.0 999.0 999.0 99.0 99.00
2005 09 13 01 00 999 99.0 99.0 99.00 99.00 99.00 999 1007.0 999.0 999.0 999.0 99.0 99.00
2005 09 13 03 00 999 99.0 99.0 99.00 99.00 99.00 999 1007.0 999.0 999.0 999.0 99.0 99.00
2005 09 13 05 00 999 99.0 99.0 99.00 99.00 99.00 999 1007.0 999.0 999.0 999.0 99.0 99.00
2005 09 13 21 00 999 99.0 99.0 99.00 99.00 99.00 999 1003.0 999.0 999.0 999.0 99.0 99.00
2005 09 13 23 00 999 99.0 99.0 99.00 99.00 99.00 999 1001.0 999.0 999.0 999.0 99.0 99.00
2005 09 14 01 00 999 99.0 99.0 99.00 99.00 99.00 999 1000.0 999.0 999.0 999.0 99.0 99.00
2005 09 14 03 00 999 99.0 99.0 99.00 99.00 99.00 999 1000.0 999.0 999.0 999.0 99.0 99.00
2005 09 14 09 00 999 99.0 99.0 99.00 99.00 99.00 999  995.0 999.0 999.0 999.0 99.0 99.00
2005 09 14 11 00 999 99.0 99.0 99.00 99.00 99.00 999  993.0 999.0 999.0 999.0 99.0 99.00
2005 11 11 05 00  40 13.0 99.0 99.00 99.00 99.00 999 1018.3  15.1 999.0 999.0 99.0 99.00
2005 11 11 11 00  50 10.0 99.0 99.00 99.00 99.00 999 1021.2  13.4 999.0 999.0 99.0 99.00
2005 11 11 13 00  40 10.0 99.0 99.00 99.00 99.00 999 1022.4  14.0 999.0 999.0 99.0 99.00
2005 11 11 15 00  40  7.0 99.0 99.00 99.00 99.00 999 1023.6  14.5 999.0 999.0 99.0 99.00
2005 11 11 17 00  40  6.0 99.0 99.00 99.00 99.00 999 1023.3  14.2 999.0 999.0 99.0 99.00
2005 11 11 19 00  20  5.0 99.0 99.00 99.00 99.00 999 1022.6  14.2 999.0 999.0 99.0 99.00
2005 11 11 23 00 330  5.0 99.0 99.00 99.00 99.00 999 1023.0  14.6 999.0 999.0 99.0 99.00
2005 11 12 01 00 340  5.0 99.0 99.00 99.00 99.00 999 1023.5  15.4 999.0 999.0 99.0 99.00
2005 11 12 03 00  10  2.0 99.0 99.00 99.00 99.00 999 1024.3  15.6 999.0 999.0 99.0 99.00
2005 11 12 05 00  30  3.0 99.0 99.00 99.00 99.00 999 1024.3  15.9 999.0 999.0 99.0 99.00
2005 11 12 07 00  50  2.0 99.0 99.00 99.00 99.00 999 1024.1  16.2 999.0 999.0 99.0 99.00
2005 11 12 09 00  40  2.0 99.0 99.00 99.00 99.00 999 1024.0  16.3 999.0 999.0 99.0 99.00
2005 11 12 11 00  50  4.0 99.0 99.00 99.00 99.00 999 1025.0  16.6 999.0 999.0 99.0 99.00
2005 11 12 13 00  30  4.0 99.0 99.00 99.00 99.00 999 1026.9  17.4 999.0 999.0 99.0 99.00
2005 11 12 15 00  70  4.0 99.0 99.00 99.00 99.00 999 1027.3  17.1 999.0 999.0 99.0 99.00
2005 11 12 17 00  80  5.0 99.0 99.00 99.00 99.00 999 1026.8  17.6 999.0 999.0 99.0 99.00
2005 11 12 19 00  50  5.0 99.0 99.00 99.00 99.00 999 1025.8  18.0 999.0 999.0 99.0 99.00
2005 11 12 23 00 130  2.0 99.0 99.00 99.00 99.00 999 1026.3  19.5 999.0 999.0 99.0 99.00
2005 11 13 01 00 160  3.0 99.0 99.00 99.00 99.00 999 1026.9  19.9 999.0 999.0 99.0 99.00
2005 11 13 03 00 150  3.0 99.0 99.00 99.00 99.00 999 1027.5  20.5 999.0 999.0 99.0 99.00
2005 11 13 05 00 170  5.0 99.0 99.00 99.00 99.00 999 1026.8  20.9 999.0 999.0 99.0 99.00
2005 11 13 07 00 130  5.0 99.0 99.00 99.00 99.00 999 1026.7  21.0 999.0 999.0 99.0 99.00
2005 11 13 09 00 160  5.0 99.0 99.00 99.00 99.00 999 1026.4  21.3 999.0 999.0 99.0 99.00
2005 11 13 11 00 140  4.0 99.0 99.00 99.00 99.00 999 1026.5  21.8 999.0 999.0 99.0 99.00
2005 11 13 13 00 120  5.0 99.0 99.00 99.00 99.00 999 1027.3  22.5 999.0 999.0 99.0 99.00
2005 11 13 17 00 160  4.0 99.0 99.00 99.00 99.00 999 1027.2  23.4 999.0 999.0 99.0 99.00
2005 11 13 19 00 150  4.0 99.0 99.00 99.00 99.00 999 1026.3  23.3 999.0 999.0 99.0 99.00
2005 11 14 01 00 170  3.0 99.0 99.00 99.00 99.00 999 1025.7  23.0 999.0 999.0 99.0 99.00
2005 11 14 03 00 240  6.0 99.0 99.00 99.00 99.00 999 1026.1  22.6 999.0 999.0 99.0 99.00
2005 11 14 05 00 240  1.0 99.0 99.00 99.00 99.00 999 1026.0  22.2 999.0 999.0 99.0 99.00
2005 11 14 07 00 320  1.0 99.0 99.00 99.00 99.00 999 1025.3  22.1 999.0 999.0 99.0 99.00
2005 11 14 09 00  20  2.0 99.0 99.00 99.00 99.00 999 1025.2  22.0 999.0 999.0 99.0 99.00
2005 11 14 13 00  60  4.0 99.0 99.00 99.00 99.00 999 1026.8  22.5 999.0 999.0 99.0 99.00
2005 11 14 15 00  60  4.0 99.0 99.00 99.00 99.00 999 1027.4  22.8 999.0 999.0 99.0 99.00
2005 11 14 17 00 100  5.0 99.0 99.00 99.00 99.00 999 1026.1  23.0 999.0 999.0 99.0 99.00
2005 11 14 19 00 140  4.0 99.0 99.00 99.00 99.00 999 1025.2  22.9 999.0 999.0 99.0 99.00
2005 11 14 21 00 160  8.0 99.0 99.00 99.00 99.00 999 1024.4  22.3 999.0 999.0 99.0 99.00
2005 11 14 23 00 170  3.0 99.0 99.00 99.00 99.00 999 1024.9  22.9 999.0 999.0 99.0 99.00
2005 11 15 01 00 150  5.0 99.0 99.00 99.00 99.00 999 1024.9  23.4 999.0 999.0 99.0 99.00
2005 11 15 03 00 130  6.0 99.0 99.00 99.00 99.00 999 1024.9  23.3 999.0 999.0 99.0 99.00
2005 11 15 05 00 150  7.0 99.0 99.00 99.00 99.00 999 1024.6  23.6 999.0 999.0 99.0 99.00
2005 11 15 07 00 170  5.0 99.0 99.00 99.00 99.00 999 1024.2  23.4 999.0 999.0 99.0 99.00
2005 11 15 09 00 180  6.0 99.0 99.00 99.00 99.00 999 1023.6  23.6 999.0 999.0 99.0 99.00
2005 11 15 11 00 240  5.0 99.0 99.00 99.00 99.00 999 1023.9  23.2 999.0 999.0 99.0 99.00
2005 11 15 13 00 210  5.0 99.0 99.00 99.00 99.00 999 1024.9  24.1 999.0 999.0 99.0 99.00
2005 11 15 15 00 200  4.0 99.0 99.00 99.00 99.00 999 1025.5  25.0 999.0 999.0 99.0 99.00
2005 11 15 17 00 270  2.0 99.0 99.00 99.00 99.00 999 1025.0  24.4 999.0 999.0 99.0 99.00
2005 11 15 19 00 210  4.0 99.0 99.00 99.00 99.00 999 1023.2  24.6 999.0 999.0 99.0 99.00
2005 11 15 21 00 190  5.0 99.0 99.00 99.00 99.00 999 1022.9  24.4 999.0 999.0 99.0 99.00
2005 11 15 23 00 180  7.0 99.0 99.00 99.00 99.00 999 1022.5  24.3 999.0 999.0 99.0 99.00
2005 11 16 03 00 180  8.0 99.0 99.00 99.00 99.00 999 1022.1  24.1 999.0 999.0 99.0 99.00
2005 11 16 05 00 190  8.0 99.0 99.00 99.00 99.00 999 1021.7  24.2 999.0 999.0 99.0 99.00
2005 11 16 09 00 190  7.0 99.0 99.00 99.00 99.00 999 1021.3  24.3 999.0 999.0 99.0 99.00
2005 11 16 11 00 190  9.0 99.0 99.00 99.00 99.00 999 1020.7  24.2 999.0 999.0 99.0 99.00
2005 11 16 13 00 200  2.0 99.0 99.00 99.00 99.00 999 1021.9  21.3 999.0 999.0 99.0 99.00
2005 11 16 15 00 240  6.0 99.0 99.00 99.00 99.00 999 1021.8  23.2 999.0 999.0 99.0 99.00
2005 11 16 17 00 200  4.0 99.0 99.00 99.00 99.00 999 1020.2  23.5 999.0 999.0 99.0 99.00
2005 11 16 21 00 200  7.0 99.0 99.00 99.00 99.00 999 1017.7  24.5 999.0 999.0 99.0 99.00
2005 11 16 23 00 220  9.0 99.0 99.00 99.00 99.00 999 1018.0  24.2 999.0 999.0 99.0 99.00
2005 11 17 01 00 230  5.0 99.0 99.00 99.00 99.00 999 1018.2  24.3 999.0 999.0 99.0 99.00
2005 11 17 03 00 220  8.0 99.0 99.00 99.00 99.00 999 1017.2  24.4 999.0 999.0 99.0 99.00
2005 11 17 05 00 230  9.0 99.0 99.00 99.00 99.00 999 1017.5  24.5 999.0 999.0 99.0 99.00
2005 11 17 07 00 280  9.0 99.0 99.00 99.00 99.00 999 1017.1  23.2 999.0 999.0 99.0 99.00
2005 11 17 09 00 340  9.0 99.0 99.00 99.00 99.00 999 1017.3  20.4 999.0 999.0 99.0 99.00
2005 11 17 11 00  30 11.0 99.0 99.00 99.00 99.00 999 1018.1  17.9 999.0 999.0 99.0 99.00
2005 11 17 13 00 360  7.0 99.0 99.00 99.00 99.00 999 1020.8  15.3 999.0 999.0 99.0 99.00
2005 11 17 15 00  20 10.0 99.0 99.00 99.00 99.00 999 1021.8  14.5 999.0 999.0 99.0 99.00
2005 11 17 17 00  10 10.0 99.0 99.00 99.00 99.00 999 1022.2  13.6 999.0 999.0 99.0 99.00
2005 11 17 19 00  20  8.0 99.0 99.00 99.00 99.00 999 1021.4  14.3 999.0 999.0 99.0 99.00
2005 11 17 23 00  20  9.0 99.0 99.00 99.00 99.00 999 1022.9  14.0 999.0 999.0 99.0 99.00
2005 11 18 01 00  20 10.0 99.0 99.00 99.00 99.00 999 1023.9  13.3 999.0 999.0 99.0 99.00
2005 11 18 03 00  40  9.0 99.0 99.00 99.00 99.00 999 1025.2  12.6 999.0 999.0 99.0 99.00
2005 11 18 05 00  30 12.0 99.0 99.00 99.00 99.00 999 1025.0  12.1 999.0 999.0 99.0 99.00
2005 11 18 09 00  40 10.0 99.0 99.00 99.00 99.00 999 1024.2  11.8 999.0 999.0 99.0 99.00
2005 11 18 11 00  40 11.0 99.0 99.00 99.00 99.00 999 1024.7  11.6 999.0 999.0 99.0 99.00
2005 11 18 15 00  30 15.0 99.0 99.00 99.00 99.00 999 1025.1  12.0 999.0 999.0 99.0 99.00
2005 11 18 17 00  30 10.0 99.0 99.00 99.00 99.00 999 1025.1  11.0 999.0 999.0 99.0 99.00
2005 11 18 21 00  40  8.0 99.0 99.00 99.00 99.00 999 1025.0  12.6 999.0 999.0 99.0 99.00
2005 11 18 23 00  50  7.0 99.0 99.00 99.00 99.00 999 1025.0  12.2 999.0 999.0 99.0 99.00
2005 11 19 01 00  50  9.0 99.0 99.00 99.00 99.00 999 1025.2  12.4 999.0 999.0 99.0 99.00
2005 11 19 03 00  20 10.0 99.0 99.00 99.00 99.00 999 1025.2  12.8 999.0 999.0 99.0 99.00
2005 11 19 05 00  50  8.0 99.0 99.00 99.00 99.00 999 1025.3  12.9 999.0 999.0 99.0 99.00
2005 11 19 07 00  50  8.0 99.0 99.00 99.00 99.00 999 1025.1  13.1 999.0 999.0 99.0 99.00
2005 11 19 09 00  60 10.0 99.0 99.00 99.00 99.00 999 1025.1  13.6 999.0 999.0 99.0 99.00
2005 11 19 11 00  50  7.0 99.0 99.00 99.00 99.00 999 1025.3  13.6 999.0 999.0 99.0 99.00
2005 11 19 13 00  60  8.0 99.0 99.00 99.00 99.00 999 1025.8  14.5 999.0 999.0 99.0 99.00
2005 11 19 15 00  60  7.0 99.0 99.00 99.00 99.00 999 1026.2  16.0 999.0 999.0 99.0 99.00
2005 11 19 17 00  60 10.0 99.0 99.00 99.00 99.00 999 1025.3  17.0 999.0 999.0 99.0 99.00
2005 11 19 19 00  60  9.0 99.0 99.00 99.00 99.00 999 1024.6  17.0 999.0 999.0 99.0 99.00
2005 11 19 21 00  50 10.0 99.0 99.00 99.00 99.00 999 1024.4  17.0 999.0 999.0 99.0 99.00
2005 11 19 23 00  70 10.0 99.0 99.00 99.00 99.00 999 1024.3  17.4 999.0 999.0 99.0 99.00
2005 11 20 01 00  70 10.0 99.0 99.00 99.00 99.00 999 1024.4  17.8 999.0 999.0 99.0 99.00
2005 11 20 03 00  60  8.0 99.0 99.00 99.00 99.00 999 1024.0  19.0 999.0 999.0 99.0 99.00
2005 11 20 05 00 110  5.0 99.0 99.00 99.00 99.00 999 1024.1  20.7 999.0 999.0 99.0 99.00
2005 11 20 07 00  40  2.0 99.0 99.00 99.00 99.00 999 1024.1  20.1 999.0 999.0 99.0 99.00
2005 11 20 09 00  60  5.0 99.0 99.00 99.00 99.00 999 1024.0  16.3 999.0 999.0 99.0 99.00
2005 11 20 11 00  50  7.0 99.0 99.00 99.00 99.00 999 1024.0  17.8 999.0 999.0 99.0 99.00
2005 11 20 13 00  40  9.0 99.0 99.00 99.00 99.00 999 1024.5  18.1 999.0 999.0 99.0 99.00
2005 11 20 15 00  40  9.0 99.0 99.00 99.00 99.00 999 1024.0  19.0 999.0 999.0 99.0 99.00
2005 11 20 17 00  50  8.0 99.0 99.00 99.00 99.00 999 1023.1  19.5 999.0 999.0 99.0 99.00
2005 11 20 19 00  60  8.0 99.0 99.00 99.00 99.00 999 1021.5  20.4 999.0 999.0 99.0 99.00
2005 11 20 21 00  60  7.0 99.0 99.00 99.00 99.00 999 1020.8  20.7 999.0 999.0 99.0 99.00
2005 11 21 01 00 140  6.0 99.0 99.00 99.00 99.00 999 1020.6  22.7 999.0 999.0 99.0 99.00
2005 11 21 03 00 140  6.0 99.0 99.00 99.00 99.00 999 1019.4  22.8 999.0 999.0 99.0 99.00
2005 11 21 05 00 130  8.0 99.0 99.00 99.00 99.00 999 1017.4  22.7 999.0 999.0 99.0 99.00
2005 11 21 07 00 120  7.0 99.0 99.00 99.00 99.00 999 1015.4  22.3 999.0 999.0 99.0 99.00
2005 11 21 09 00 120  8.0 99.0 99.00 99.00 99.00 999 1011.9  21.4 999.0 999.0 99.0 99.00
2005 11 21 11 00 140 11.0 99.0 99.00 99.00 99.00 999 1008.7  22.5 999.0 999.0 99.0 99.00
2005 11 21 13 00 150 14.0 99.0 99.00 99.00 99.00 999 1006.2  22.4 999.0 999.0 99.0 99.00
2005 11 21 15 00 170 12.0 99.0 99.00 99.00 99.00 999 1006.3  23.2 999.0 999.0 99.0 99.00
2005 11 21 17 00 210  7.0 99.0 99.00 99.00 99.00 999 1003.5  24.9 999.0 999.0 99.0 99.00
2005 11 22 01 00 250 14.0 99.0 99.00 99.00 99.00 999  996.3  20.4 999.0 999.0 99.0 99.00
2005 11 22 03 00 240 11.0 99.0 99.00 99.00 99.00 999  995.5  19.5 999.0 999.0 99.0 99.00
2005 11 22 09 00 250  3.0 99.0 99.00 99.00 99.00 999  992.7  14.9 999.0 999.0 99.0 99.00
2005 11 22 13 00 330 14.0 99.0 99.00 99.00 99.00 999  997.9  13.2 999.0 999.0 99.0 99.00
2005 11 22 15 00 290 11.0 99.0 99.00 99.00 99.00 999 1000.4  13.3 999.0 999.0 99.0 99.00
2005 11 22 17 00 310 11.0 99.0 99.00 99.00 99.00 999 1000.0  14.9 999.0 999.0 99.0 99.00
2005 11 22 19 00 310  9.0 99.0 99.00 99.00 99.00 999  999.5  14.4 999.0 999.0 99.0 99.00
2005 11 22 21 00 340 10.0 99.0 99.00 99.00 99.00 999 1000.7  14.4 999.0 999.0 99.0 99.00
2005 11 22 23 00  20  3.0 99.0 99.00 99.00 99.00 999 1002.6  13.9 999.0 999.0 99.0 99.00
2005 11 23 01 00 360  6.0 99.0 99.00 99.00 99.00 999 1004.8  13.1 999.0 999.0 99.0 99.00
2005 11 23 03 00 300  7.0 99.0 99.00 99.00 99.00 999 1006.7  12.5 999.0 999.0 99.0 99.00
2005 11 23 05 00 360  6.0 99.0 99.00 99.00 99.00 999 1007.9  11.6 999.0 999.0 99.0 99.00
2005 11 23 07 00 300  6.0 99.0 99.00 99.00 99.00 999 1008.8  10.8 999.0 999.0 99.0 99.00
2005 11 23 09 00 310  8.0 99.0 99.00 99.00 99.00 999 1009.5   9.8 999.0 999.0 99.0 99.00
2005 11 23 11 00 310  8.0 99.0 99.00 99.00 99.00 999 1010.6  10.0 999.0 999.0 99.0 99.00
2005 11 23 13 00 300  2.0 99.0 99.00 99.00 99.00 999 1012.3  10.3 999.0 999.0 99.0 99.00
2005 11 23 15 00 300  4.0 99.0 99.00 99.00 99.00 999 1012.4  10.7 999.0 999.0 99.0 99.00
2005 11 23 17 00 290  7.0 99.0 99.00 99.00 99.00 999 1011.1  11.7 999.0 999.0 99.0 99.00
2005 11 23 19 00 250  4.0 99.0 99.00 99.00 99.00 999 1009.1  11.4 999.0 999.0 99.0 99.00
2005 11 23 21 00 240  7.0 99.0 99.00 99.00 99.00 999 1008.6  12.2 999.0 999.0 99.0 99.00
2005 11 23 23 00 270  6.0 99.0 99.00 99.00 99.00 999 1008.0  13.1 999.0 999.0 99.0 99.00
2005 11 24 01 00 240  9.0 99.0 99.00 99.00 99.00 999 1006.9  14.5 999.0 999.0 99.0 99.00
2005 11 24 11 00 200  8.0 99.0 99.00 99.00 99.00 999 1004.1  17.0 999.0 999.0 99.0 99.00
2005 11 24 13 00 220 13.0 99.0 99.00 99.00 99.00 999 1004.5  17.8 999.0 999.0 99.0 99.00
2005 11 24 15 00 250  8.0 99.0 99.00 99.00 99.00 999 1004.2  18.1 999.0 999.0 99.0 99.00
2005 11 24 19 00 220  9.0 99.0 99.00 99.00 99.00 999 1001.5  19.4 999.0 999.0 99.0 99.00
2005 11 24 21 00 190 12.0 99.0 99.00 99.00 99.00 999 1002.5  19.8 999.0 999.0 99.0 99.00
2005 11 24 23 00 200 10.0 99.0 99.00 99.00 99.00 999 1004.3  20.3 999.0 999.0 99.0 99.00
2005 11 25 01 00 240 12.0 99.0 99.00 99.00 99.00 999 1006.1  20.6 999.0 999.0 99.0 99.00
2005 11 25 03 00 260  9.0 99.0 99.00 99.00 99.00 999 1008.3  20.6 999.0 999.0 99.0 99.00
2005 11 25 05 00 270  7.0 99.0 99.00 99.00 99.00 999 1009.5  19.5 999.0 999.0 99.0 99.00
2005 11 25 07 00 310  8.0 99.0 99.00 99.00 99.00 999 1011.0  18.3 999.0 999.0 99.0 99.00
2005 11 25 09 00 360  7.0 99.0 99.00 99.00 99.00 999 1012.9  16.8 999.0 999.0 99.0 99.00
2005 11 25 11 00  30  8.0 99.0 99.00 99.00 99.00 999 1015.8  14.7 999.0 999.0 99.0 99.00
2005 11 25 13 00  30  9.0 99.0 99.00 99.00 99.00 999 1019.0  12.8 999.0 999.0 99.0 99.00
2005 11 25 15 00  40 10.0 99.0 99.00 99.00 99.00 999 1021.0  11.8 999.0 999.0 99.0 99.00
2005 11 25 17 00  50 10.0 99.0 99.00 99.00 99.00 999 1021.5  11.6 999.0 999.0 99.0 99.00
2005 11 25 19 00 330  6.0 99.0 99.00 99.00 99.00 999 1021.7  11.2 999.0 999.0 99.0 99.00
2005 11 25 21 00  20  8.0 99.0 99.00 99.00 99.00 999 1022.7  11.7 999.0 999.0 99.0 99.00
2005 11 25 23 00  20  8.0 99.0 99.00 99.00 99.00 999 1023.3  12.3 999.0 999.0 99.0 99.00
2005 11 26 01 00  20  8.0 99.0 99.00 99.00 99.00 999 1025.0  12.3 999.0 999.0 99.0 99.00
2005 11 26 03 00  50  7.0 99.0 99.00 99.00 99.00 999 1025.0  12.2 999.0 999.0 99.0 99.00
2005 11 26 05 00  30  5.0 99.0 99.00 99.00 99.00 999 1024.8  12.3 999.0 999.0 99.0 99.00
2005 11 26 07 00  20  3.0 99.0 99.00 99.00 99.00 999 1025.0  12.5 999.0 999.0 99.0 99.00
2005 11 26 09 00   0  0.0 99.0 99.00 99.00 99.00 999 1024.8  13.1 999.0 999.0 99.0 99.00
2005 11 26 11 00 350  5.0 99.0 99.00 99.00 99.00 999 1025.1  12.8 999.0 999.0 99.0 99.00
2005 11 26 13 00   0  0.0 99.0 99.00 99.00 99.00 999 1025.5  12.8 999.0 999.0 99.0 99.00
2005 11 26 15 00  20  5.0 99.0 99.00 99.00 99.00 999 1026.2  13.4 999.0 999.0 99.0 99.00
2005 11 26 17 00  10  8.0 99.0 99.00 99.00 99.00 999 1025.5  14.3 999.0 999.0 99.0 99.00
2005 11 26 19 00  20  4.0 99.0 99.00 99.00 99.00 999 1025.0  14.4 999.0 999.0 99.0 99.00
2005 11 26 21 00 360  4.0 99.0 99.00 99.00 99.00 999 1024.1  15.3 999.0 999.0 99.0 99.00
2005 11 26 23 00  20  3.0 99.0 99.00 99.00 99.00 999 1024.5  15.9 999.0 999.0 99.0 99.00
2005 11 27 01 00  40  3.0 99.0 99.00 99.00 99.00 999 1024.6  15.8 999.0 999.0 99.0 99.00
2005 11 27 03 00  20  4.0 99.0 99.00 99.00 99.00 999 1024.3  16.7 999.0 999.0 99.0 99.00
2005 11 27 05 00  50  4.0 99.0 99.00 99.00 99.00 999 1023.5  17.1 999.0 999.0 99.0 99.00
2005 11 27 07 00  10  8.0 99.0 99.00 99.00 99.00 999 1022.4  17.0 999.0 999.0 99.0 99.00
2005 11 27 09 00  60  9.0 99.0 99.00 99.00 99.00 999 1020.9  18.3 999.0 999.0 99.0 99.00
2005 11 27 11 00  50  6.0 99.0 99.00 99.00 99.00 999 1020.9  19.3 999.0 999.0 99.0 99.00
2005 11 27 13 00 120  3.0 99.0 99.00 99.00 99.00 999 1021.0  22.5 999.0 999.0 99.0 99.00
2005 11 27 15 00 100  5.0 99.0 99.00 99.00 99.00 999 1021.6  22.3 999.0 999.0 99.0 99.00
2005 11 27 23 00 120  3.0 99.0 99.00 99.00 99.00 999 1019.3  21.9 999.0 999.0 99.0 99.00
2005 11 28 01 00 100  6.0 99.0 99.00 99.00 99.00 999 1018.8  22.2 999.0 999.0 99.0 99.00
2005 11 28 03 00 140  7.0 99.0 99.00 99.00 99.00 999 1019.0  22.4 999.0 999.0 99.0 99.00
2005 11 28 05 00 150  4.0 99.0 99.00 99.00 99.00 999 1018.5  22.5 999.0 999.0 99.0 99.00
2005 11 28 07 00 150  5.0 99.0 99.00 99.00 99.00 999 1018.2  22.6 999.0 999.0 99.0 99.00
2005 11 28 09 00 240  4.0 99.0 99.00 99.00 99.00 999 1019.3  21.1 999.0 999.0 99.0 99.00
2005 11 28 11 00  70  1.0 99.0 99.00 99.00 99.00 999 1018.9  21.2 999.0 999.0 99.0 99.00
2005 11 28 15 00 110  6.0 99.0 99.00 99.00 99.00 999 1020.5  22.8 999.0 999.0 99.0 99.00
2005 11 28 17 00 130  9.0 99.0 99.00 99.00 99.00 999 1019.1  22.6 999.0 999.0 99.0 99.00
2005 11 28 19 00 150  7.0 99.0 99.00 99.00 99.00 999 1017.7  21.7 999.0 999.0 99.0 99.00
2005 11 28 21 00  80  6.0 99.0 99.00 99.00 99.00 999 1018.1  21.7 999.0 999.0 99.0 99.00
2005 11 28 23 00 130  6.0 99.0 99.00 99.00 99.00 999 1018.1  22.8 999.0 999.0 99.0 99.00
2005 11 29 01 00 140  9.0 99.0 99.00 99.00 99.00 999 1017.9  22.7 999.0 999.0 99.0 99.00
2005 11 29 05 00 140 10.0 99.0 99.00 99.00 99.00 999 1016.4  22.6 999.0 999.0 99.0 99.00
2005 11 29 07 00 140 11.0 99.0 99.00 99.00 99.00 999 1016.4  22.8 999.0 999.0 99.0 99.00
2005 11 29 09 00 150  6.0 99.0 99.00 99.00 99.00 999 1015.5  22.7 999.0 999.0 99.0 99.00
2005 11 29 13 00 130 10.0 99.0 99.00 99.00 99.00 999 1015.4  23.0 999.0 999.0 99.0 99.00
2005 11 29 15 00 130 10.0 99.0 99.00 99.00 99.00 999 1015.6  22.9 999.0 999.0 99.0 99.00
2005 11 29 17 00 150  9.0 99.0 99.00 99.00 99.00 999 1014.9  22.9 999.0 999.0 99.0 99.00
2005 11 29 21 00 170  3.0 99.0 99.00 99.00 99.00 999 1013.3  21.8 999.0 999.0 99.0 99.00
2005 11 30 01 00 110  2.0 99.0 99.00 99.00 99.00 999 1013.4  22.9 999.0 999.0 99.0 99.00
2005 11 30 05 00 280  2.0 99.0 99.00 99.00 99.00 999 1013.1  21.1 999.0 999.0 99.0 99.00
2005 11 30 07 00 260  2.0 99.0 99.00 99.00 99.00 999 1013.2  19.6 999.0 999.0 99.0 99.00
2005 11 30 11 00 270  5.0 99.0 99.00 99.00 99.00 999 1013.5  18.5 999.0 999.0 99.0 99.00
2005 11 30 13 00 300  4.0 99.0 99.00 99.00 99.00 999 1014.6  18.0 999.0 999.0 99.0 99.00
2005 11 30 15 00 300  6.0 99.0 99.00 99.00 99.00 999 1015.5  16.8 999.0 999.0 99.0 99.00
2005 11 30 17 00 290  4.0 99.0 99.00 99.00 99.00 999 1013.9  17.1 999.0 999.0 99.0 99.00
2005 11 30 19 00 270  2.0 99.0 99.00 99.00 99.00 999 1013.0  17.8 999.0 999.0 99.0 99.00
2005 11 30 21 00 240  2.0 99.0 99.00 99.00 99.00 999 1013.1  17.4 999.0 999.0 99.0 99.00
2005 11 30 23 00 170  3.0 99.0 99.00 99.00 99.00 999 1013.9  16.3 999.0 999.0 99.0 99.00
2005 12 01 01 00 220  3.0 99.0 99.00 99.00 99.00 999 1014.3  16.1 999.0 999.0 99.0 99.00
2005 12 01 03 00 250  3.0 99.0 99.00 99.00 99.00 999 1014.4  16.3 999.0 999.0 99.0 99.00
2005 12 01 05 00 270  2.0 99.0 99.00 99.00 99.00 999 1013.9  16.5 999.0 999.0 99.0 99.00
2005 12 01 09 00 140  2.0 99.0 99.00 99.00 99.00 999 1012.2  16.5 999.0 999.0 99.0 99.00
2005 12 01 11 00 170  1.0 99.0 99.00 99.00 99.00 999 1012.3  16.6 999.0 999.0 99.0 99.00
2005 12 01 13 00 330  7.0 99.0 99.00 99.00 99.00 999 1012.8  15.0 999.0 999.0 99.0 99.00
2005 12 01 15 00 310  5.0 99.0 99.00 99.00 99.00 999 1014.6  13.8 999.0 999.0 99.0 99.00
2005 12 01 17 00 250  4.0 99.0 99.00 99.00 99.00 999 1013.2  14.1 999.0 999.0 99.0 99.00
2005 12 01 23 00 220  9.0 99.0 99.00 99.00 99.00 999 1011.6  15.8 999.0 999.0 99.0 99.00
2005 12 02 01 00  40  2.0 99.0 99.00 99.00 99.00 999 1011.5  16.5 999.0 999.0 99.0 99.00
2005 12 02 03 00 240 14.0 99.0 99.00 99.00 99.00 999 1011.4  16.6 999.0 999.0 99.0 99.00
2005 12 02 05 00 270 10.0 99.0 99.00 99.00 99.00 999 1012.3  16.3 999.0 999.0 99.0 99.00
2005 12 02 07 00 280 13.0 99.0 99.00 99.00 99.00 999 1012.0  13.9 999.0 999.0 99.0 99.00
2005 12 02 09 00 250  5.0 99.0 99.00 99.00 99.00 999 1012.9  12.8 999.0 999.0 99.0 99.00
2005 12 02 11 00 300  5.0 99.0 99.00 99.00 99.00 999 1014.6  11.9 999.0 999.0 99.0 99.00
2005 12 02 15 00   0  0.0 99.0 99.00 99.00 99.00 999 1018.3  11.2 999.0 999.0 99.0 99.00
2005 12 02 17 00   0  0.0 99.0 99.00 99.00 99.00 999 1017.7  11.3 999.0 999.0 99.0 99.00
2005 12 02 19 00   0  0.0 99.0 99.00 99.00 99.00 999 1016.9  12.5 999.0 999.0 99.0 99.00
2005 12 02 21 00 310  6.0 99.0 99.00 99.00 99.00 999 1017.0  13.3 999.0 999.0 99.0 99.00
2005 12 02 23 00 300  9.0 99.0 99.00 99.00 99.00 999 1018.2  13.4 999.0 999.0 99.0 99.00
2005 12 03 01 00 280  4.0 99.0 99.00 99.00 99.00 999 1019.5  13.4 999.0 999.0 99.0 99.00
2005 12 03 03 00   0  0.0 99.0 99.00 99.00 99.00 999 1020.8  13.0 999.0 999.0 99.0 99.00
2005 12 03 05 00 270  5.0 99.0 99.00 99.00 99.00 999 1021.0  13.0 999.0 999.0 99.0 99.00
2005 12 03 09 00   0  0.0 99.0 99.00 99.00 99.00 999 1021.5  12.9 999.0 999.0 99.0 99.00
2005 12 03 11 00 350  1.0 99.0 99.00 99.00 99.00 999 1022.0  12.2 999.0 999.0 99.0 99.00
2005 12 03 13 00   0  0.0 99.0 99.00 99.00 99.00 999 1023.5  13.2 999.0 999.0 99.0 99.00
2005 12 03 15 00   0  0.0 99.0 99.00 99.00 99.00 999 1024.4  14.3 999.0 999.0 99.0 99.00
2005 12 03 17 00   0  0.0 99.0 99.00 99.00 99.00 999 1023.2  14.0 999.0 999.0 99.0 99.00
2005 12 03 19 00   0  0.0 99.0 99.00 99.00 99.00 999 1021.9  15.0 999.0 999.0 99.0 99.00
2005 12 03 21 00   0  0.0 99.0 99.00 99.00 99.00 999 1020.8  16.1 999.0 999.0 99.0 99.00
2005 12 03 23 00 150  4.0 99.0 99.00 99.00 99.00 999 1020.0  18.2 999.0 999.0 99.0 99.00
2005 12 04 01 00  40  2.0 99.0 99.00 99.00 99.00 999 1019.1  19.4 999.0 999.0 99.0 99.00
2005 12 04 03 00 240  3.0 99.0 99.00 99.00 99.00 999 1018.3  19.9 999.0 999.0 99.0 99.00
2005 12 04 07 00 190  4.0 99.0 99.00 99.00 99.00 999 1017.1  19.6 999.0 999.0 99.0 99.00
2005 12 04 09 00 210  3.0 99.0 99.00 99.00 99.00 999 1016.2  19.8 999.0 999.0 99.0 99.00
2005 12 04 11 00 190  4.0 99.0 99.00 99.00 99.00 999 1016.6  20.0 999.0 999.0 99.0 99.00
2005 12 04 13 00 220  9.0 99.0 99.00 99.00 99.00 999 1017.5  20.5 999.0 999.0 99.0 99.00
2005 12 04 15 00 200  5.0 99.0 99.00 99.00 99.00 999 1018.4  20.5 999.0 999.0 99.0 99.00
2005 12 04 17 00 220 10.0 99.0 99.00 99.00 99.00 999 1018.2  18.5 999.0 999.0 99.0 99.00
2005 12 04 19 00 220  8.0 99.0 99.00 99.00 99.00 999 1015.4  19.7 999.0 999.0 99.0 99.00
2005 12 04 21 00 240  4.0 99.0 99.00 99.00 99.00 999 1015.5  19.8 999.0 999.0 99.0 99.00
2005 12 04 23 00 240  3.0 99.0 99.00 99.00 99.00 999 1016.3  19.9 999.0 999.0 99.0 99.00
2005 12 05 01 00   0  0.0 99.0 99.00 99.00 99.00 999 1017.2  19.6 999.0 999.0 99.0 99.00
2005 12 05 03 00 230  2.0 99.0 99.00 99.00 99.00 999 1017.5  19.9 999.0 999.0 99.0 99.00
2005 12 05 05 00   0  0.0 99.0 99.00 99.00 99.00 999 1016.2  21.1 999.0 999.0 99.0 99.00
2005 12 05 07 00 170  2.0 99.0 99.00 99.00 99.00 999 1016.2  21.3 999.0 999.0 99.0 99.00
2005 12 05 09 00 150  3.0 99.0 99.00 99.00 99.00 999 1015.8  21.0 999.0 999.0 99.0 99.00
2005 12 05 11 00 220  2.0 99.0 99.00 99.00 99.00 999 1015.8  20.6 999.0 999.0 99.0 99.00
2005 12 05 13 00 230  5.0 99.0 99.00 99.00 99.00 999 1015.9  20.0 999.0 999.0 99.0 99.00
2005 12 05 15 00 250  5.0 99.0 99.00 99.00 99.00 999 1015.3  20.0 999.0 999.0 99.0 99.00
2005 12 05 19 00 210  6.0 99.0 99.00 99.00 99.00 999 1011.7  20.6 999.0 999.0 99.0 99.00
2005 12 05 21 00   0  0.0 99.0 99.00 99.00 99.00 999 1011.4  20.0 999.0 999.0 99.0 99.00
2005 12 05 23 00   0  0.0 99.0 99.00 99.00 99.00 999 1010.7  19.3 999.0 999.0 99.0 99.00
2005 12 06 01 00   0  0.0 99.0 99.00 99.00 99.00 999 1012.0  18.2 999.0 999.0 99.0 99.00
2005 12 06 03 00   0  0.0 99.0 99.00 99.00 99.00 999 1010.2  19.5 999.0 999.0 99.0 99.00
2005 12 06 05 00 210  6.0 99.0 99.00 99.00 99.00 999 1010.8  19.7 999.0 999.0 99.0 99.00
2005 12 06 07 00 320 13.0 99.0 99.00 99.00 99.00 999 1012.7  12.1 999.0 999.0 99.0 99.00
2005 12 06 09 00 330 15.0 99.0 99.00 99.00 99.00 999 1014.7  10.8 999.0 999.0 99.0 99.00
2005 12 06 11 00   0  0.0 99.0 99.00 99.00 99.00 999 1017.0  10.2 999.0 999.0 99.0 99.00
2005 12 06 13 00 360  5.0 99.0 99.00 99.00 99.00 999 1019.8   9.3 999.0 999.0 99.0 99.00
2005 12 06 15 00  10  3.0 99.0 99.00 99.00 99.00 999 1021.5   9.6 999.0 999.0 99.0 99.00
2005 12 06 17 00 330  3.0 99.0 99.00 99.00 99.00 999 1022.4   9.2 999.0 999.0 99.0 99.00
2005 12 06 19 00 310  2.0 99.0 99.00 99.00 99.00 999 1022.5   9.2 999.0 999.0 99.0 99.00
2005 12 06 21 00   0  0.0 99.0 99.00 99.00 99.00 999 1023.9   9.8 999.0 999.0 99.0 99.00
2005 12 06 23 00   0  0.0 99.0 99.00 99.00 99.00 999 1024.4  10.5 999.0 999.0 99.0 99.00
2005 12 07 01 00   0  0.0 99.0 99.00 99.00 99.00 999 1025.3  10.5 999.0 999.0 99.0 99.00
2005 12 07 03 00   0  0.0 99.0 99.00 99.00 99.00 999 1025.7  10.8 999.0 999.0 99.0 99.00
2005 12 07 05 00   0  0.0 99.0 99.00 99.00 99.00 999 1026.1  10.5 999.0 999.0 99.0 99.00
2005 12 07 09 00   0  0.0 99.0 99.00 99.00 99.00 999 1026.3  10.8 999.0 999.0 99.0 99.00
2005 12 07 11 00  30  2.0 99.0 99.00 99.00 99.00 999 1027.2  11.0 999.0 999.0 99.0 99.00
2005 12 07 13 00 350  1.0 99.0 99.00 99.00 99.00 999 1028.6  12.3 999.0 999.0 99.0 99.00
2005 12 07 15 00 360  3.0 99.0 99.00 99.00 99.00 999 1029.6  12.4 999.0 999.0 99.0 99.00
2005 12 07 19 00 350  2.0 99.0 99.00 99.00 99.00 999 1028.4  12.3 999.0 999.0 99.0 99.00
2005 12 08 05 00   0  0.0 99.0 99.00 99.00 99.00 999 1030.5  13.2 999.0 999.0 99.0 99.00
2005 12 08 07 00  50  2.0 99.0 99.00 99.00 99.00 999 1030.4  13.6 999.0 999.0 99.0 99.00
2005 12 08 11 00  30  6.0 99.0 99.00 99.00 99.00 999 1030.7  12.9 999.0 999.0 99.0 99.00
2005 12 08 13 00  40  7.0 99.0 99.00 99.00 99.00 999 1031.8  13.4 999.0 999.0 99.0 99.00
2005 12 08 15 00  40 10.0 99.0 99.00 99.00 99.00 999 1031.6  14.1 999.0 999.0 99.0 99.00
2005 12 08 17 00  40  6.0 99.0 99.00 99.00 99.00 999 1029.5  14.8 999.0 999.0 99.0 99.00
2005 12 08 21 00  30 10.0 99.0 99.00 99.00 99.00 999 1027.5  16.2 999.0 999.0 99.0 99.00
2005 12 08 23 00  80  8.0 99.0 99.00 99.00 99.00 999 1027.5  16.9 999.0 999.0 99.0 99.00
2005 12 09 01 00 110  6.0 99.0 99.00 99.00 99.00 999 1026.9  18.0 999.0 999.0 99.0 99.00
2005 12 09 03 00 120 12.0 99.0 99.00 99.00 99.00 999 1026.2  18.6 999.0 999.0 99.0 99.00
2005 12 09 05 00 130 11.0 99.0 99.00 99.00 99.00 999 1022.9  19.3 999.0 999.0 99.0 99.00
2005 12 09 07 00 140 13.0 99.0 99.00 99.00 99.00 999 1020.7  18.9 999.0 999.0 99.0 99.00
2005 12 09 09 00 120  8.0 99.0 99.00 99.00 99.00 999 1018.6  18.3 999.0 999.0 99.0 99.00
2005 12 09 11 00 120  6.0 99.0 99.00 99.00 99.00 999 1015.7  19.9 999.0 999.0 99.0 99.00
2005 12 09 13 00  10  5.0 99.0 99.00 99.00 99.00 999 1016.0  19.0 999.0 999.0 99.0 99.00
2005 12 09 15 00 340  9.0 99.0 99.00 99.00 99.00 999 1019.8  15.6 999.0 999.0 99.0 99.00
2005 12 09 17 00 350  5.0 99.0 99.00 99.00 99.00 999 1019.8  13.6 999.0 999.0 99.0 99.00
2005 12 09 19 00  10  3.0 99.0 99.00 99.00 99.00 999 1019.6  13.3 999.0 999.0 99.0 99.00
2005 12 09 21 00 340  2.0 99.0 99.00 99.00 99.00 999 1020.5  13.1 999.0 999.0 99.0 99.00
2005 12 09 23 00 320  4.0 99.0 99.00 99.00 99.00 999 1022.1  12.9 999.0 999.0 99.0 99.00
2005 12 10 01 00 360  1.0 99.0 99.00 99.00 99.00 999 1023.4  12.0 999.0 999.0 99.0 99.00
2005 12 10 03 00 110  5.0 99.0 99.00 99.00 99.00 999 1024.0  11.1 999.0 999.0 99.0 99.00
2005 12 10 05 00  60  2.0 99.0 99.00 99.00 99.00 999 1023.8  10.0 999.0 999.0 99.0 99.00
2005 12 10 07 00 100  4.0 99.0 99.00 99.00 99.00 999 1022.9  10.2 999.0 999.0 99.0 99.00
2005 12 10 09 00  10  2.0 99.0 99.00 99.00 99.00 999 1022.4  11.0 999.0 999.0 99.0 99.00
2005 12 10 11 00   0  0.0 99.0 99.00 99.00 99.00 999 1021.5  12.1 999.0 999.0 99.0 99.00
2005 12 10 13 00   0  0.0 99.0 99.00 99.00 99.00 999 1021.6  13.4 999.0 999.0 99.0 99.00
2005 12 10 15 00   0  0.0 99.0 99.00 99.00 99.00 999 1022.0  15.8 999.0 999.0 99.0 99.00
2005 12 10 17 00   0  0.0 99.0 99.00 99.00 99.00 999 1020.0  16.2 999.0 999.0 99.0 99.00
2005 12 10 19 00  70  1.0 99.0 99.00 99.00 99.00 999 1017.5  15.6 999.0 999.0 99.0 99.00
2005 12 10 21 00   0  0.0 99.0 99.00 99.00 99.00 999 1016.3  16.6 999.0 999.0 99.0 99.00
2005 12 10 23 00   0  0.0 99.0 99.00 99.00 99.00 999 1014.9  17.9 999.0 999.0 99.0 99.00
2005 12 11 03 00 280  6.0 99.0 99.00 99.00 99.00 999 1013.0  16.1 999.0 999.0 99.0 99.00
2005 12 11 05 00 290  5.0 99.0 99.00 99.00 99.00 999 1012.7  16.0 999.0 999.0 99.0 99.00
2005 12 11 07 00 250  6.0 99.0 99.00 99.00 99.00 999 1011.5  15.8 999.0 999.0 99.0 99.00
2005 12 11 09 00 230 11.0 99.0 99.00 99.00 99.00 999 1011.3  13.7 999.0 999.0 99.0 99.00
2005 12 11 11 00 320  5.0 99.0 99.00 99.00 99.00 999 1011.5  12.7 999.0 999.0 99.0 99.00
2005 12 11 13 00 250  2.0 99.0 99.00 99.00 99.00 999 1012.0  12.1 999.0 999.0 99.0 99.00
2005 12 11 15 00 240  6.0 99.0 99.00 99.00 99.00 999 1012.9  11.3 999.0 999.0 99.0 99.00
2005 12 11 17 00 280  4.0 99.0 99.00 99.00 99.00 999 1010.5  12.1 999.0 999.0 99.0 99.00
2005 12 11 21 00 270  3.0 99.0 99.00 99.00 99.00 999 1009.4  13.7 999.0 999.0 99.0 99.00
2005 12 11 23 00 230  5.0 99.0 99.00 99.00 99.00 999 1010.1  13.6 999.0 999.0 99.0 99.00
2005 12 12 01 00 250 10.0 99.0 99.00 99.00 99.00 999 1011.3  13.8 999.0 999.0 99.0 99.00
2005 12 12 07 00 270  5.0 99.0 99.00 99.00 99.00 999 1012.0  11.4 999.0 999.0 99.0 99.00
2005 12 12 09 00 280  3.0 99.0 99.00 99.00 99.00 999 1012.6  10.5 999.0 999.0 99.0 99.00
2005 12 12 11 00 120  5.0 99.0 99.00 99.00 99.00 999 1013.0  10.6 999.0 999.0 99.0 99.00
2005 12 12 13 00 310  4.0 99.0 99.00 99.00 99.00 999 1013.8  10.4 999.0 999.0 99.0 99.00
2005 12 12 15 00   0  0.0 99.0 99.00 99.00 99.00 999 1015.2  10.9 999.0 999.0 99.0 99.00
2005 12 12 17 00  10  1.0 99.0 99.00 99.00 99.00 999 1012.8  11.3 999.0 999.0 99.0 99.00
2005 12 12 19 00 250  3.0 99.0 99.00 99.00 99.00 999 1011.5  12.1 999.0 999.0 99.0 99.00
2005 12 12 21 00 140  5.0 99.0 99.00 99.00 99.00 999 1010.8  13.3 999.0 999.0 99.0 99.00
2005 12 12 23 00 200  8.0 99.0 99.00 99.00 99.00 999 1010.4  14.9 999.0 999.0 99.0 99.00
2005 12 13 01 00 240 10.0 99.0 99.00 99.00 99.00 999 1011.8  15.5 999.0 999.0 99.0 99.00
2005 12 13 03 00 250  7.0 99.0 99.00 99.00 99.00 999 1012.0  15.3 999.0 999.0 99.0 99.00
2005 12 13 05 00 290  6.0 99.0 99.00 99.00 99.00 999 1013.2  12.8 999.0 999.0 99.0 99.00
2005 12 13 07 00 320  6.0 99.0 99.00 99.00 99.00 999 1014.5  11.7 999.0 999.0 99.0 99.00
2005 12 13 09 00 360 10.0 99.0 99.00 99.00 99.00 999 1015.4  11.2 999.0 999.0 99.0 99.00
2005 12 13 11 00  10  7.0 99.0 99.00 99.00 99.00 999 1016.9   9.9 999.0 999.0 99.0 99.00
2005 12 13 13 00 350  4.0 99.0 99.00 99.00 99.00 999 1019.1   9.2 999.0 999.0 99.0 99.00
2005 12 13 15 00 340  3.0 99.0 99.00 99.00 99.00 999 1020.8   9.2 999.0 999.0 99.0 99.00
2005 12 13 17 00  90  3.0 99.0 99.00 99.00 99.00 999 1020.9   8.7 999.0 999.0 99.0 99.00
2005 12 13 19 00  50  2.0 99.0 99.00 99.00 99.00 999 1020.2   8.5 999.0 999.0 99.0 99.00
2005 12 13 21 00   0  0.0 99.0 99.00 99.00 99.00 999 1021.6   8.6 999.0 999.0 99.0 99.00
2005 12 13 23 00   0  0.0 99.0 99.00 99.00 99.00 999 1022.9   8.6 999.0 999.0 99.0 99.00
2005 12 14 01 00  20  1.0 99.0 99.00 99.00 99.00 999 1024.1   7.9 999.0 999.0 99.0 99.00
2005 12 14 03 00   0  0.0 99.0 99.00 99.00 99.00 999 1024.7   7.8 999.0 999.0 99.0 99.00
2005 12 14 05 00  30  4.0 99.0 99.00 99.00 99.00 999 1024.6   8.1 999.0 999.0 99.0 99.00
2005 12 14 07 00  40  7.0 99.0 99.00 99.00 99.00 999 1024.7   8.2 999.0 999.0 99.0 99.00
2005 12 14 09 00  10  8.0 99.0 99.00 99.00 99.00 999 1024.3   7.9 999.0 999.0 99.0 99.00
2005 12 14 11 00  50  6.0 99.0 99.00 99.00 99.00 999 1024.8   8.5 999.0 999.0 99.0 99.00
2005 12 14 13 00  40  2.0 99.0 99.00 99.00 99.00 999 1025.4   9.0 999.0 999.0 99.0 99.00
2005 12 14 15 00 360  5.0 99.0 99.00 99.00 99.00 999 1025.8   9.4 999.0 999.0 99.0 99.00
2005 12 14 17 00 350  5.0 99.0 99.00 99.00 99.00 999 1025.5   9.3 999.0 999.0 99.0 99.00
2005 12 14 19 00  30  2.0 99.0 99.00 99.00 99.00 999 1024.4  10.0 999.0 999.0 99.0 99.00
2005 12 14 21 00  20 11.0 99.0 99.00 99.00 99.00 999 1024.5  10.3 999.0 999.0 99.0 99.00
2005 12 14 23 00  30  6.0 99.0 99.00 99.00 99.00 999 1024.6  11.1 999.0 999.0 99.0 99.00
2005 12 15 01 00  40  6.0 99.0 99.00 99.00 99.00 999 1024.0  12.9 999.0 999.0 99.0 99.00
2005 12 15 03 00 260  4.0 99.0 99.00 99.00 99.00 999 1021.9  13.6 999.0 999.0 99.0 99.00
2005 12 15 05 00  50 11.0 99.0 99.00 99.00 99.00 999 1020.3  14.3 999.0 999.0 99.0 99.00
2005 12 15 07 00 100  7.0 99.0 99.00 99.00 99.00 999 1019.5  17.6 999.0 999.0 99.0 99.00
2005 12 15 09 00 120  8.0 99.0 99.00 99.00 99.00 999 1018.0  18.0 999.0 999.0 99.0 99.00
2005 12 15 13 00 150 10.0 99.0 99.00 99.00 99.00 999 1016.2  19.4 999.0 999.0 99.0 99.00
2005 12 15 15 00 160  8.0 99.0 99.00 99.00 99.00 999 1015.8  19.6 999.0 999.0 99.0 99.00
2005 12 15 17 00 130 10.0 99.0 99.00 99.00 99.00 999 1012.3  19.7 999.0 999.0 99.0 99.00
2005 12 15 19 00 130  4.0 99.0 99.00 99.00 99.00 999 1009.4  19.2 999.0 999.0 99.0 99.00
2005 12 15 21 00 210  3.0 99.0 99.00 99.00 99.00 999 1008.9  19.5 999.0 999.0 99.0 99.00
2005 12 15 23 00   0  0.0 99.0 99.00 99.00 99.00 999 1007.7  19.3 999.0 999.0 99.0 99.00
2005 12 16 01 00 160  6.0 99.0 99.00 99.00 99.00 999 1007.5  20.8 999.0 999.0 99.0 99.00
2005 12 16 03 00 200  2.0 99.0 99.00 99.00 99.00 999 1006.4  21.5 999.0 999.0 99.0 99.00
2005 12 16 05 00 250  6.0 99.0 99.00 99.00 99.00 999 1006.1  19.4 999.0 999.0 99.0 99.00
2005 12 16 07 00 270 14.0 99.0 99.00 99.00 99.00 999 1007.8  15.3 999.0 999.0 99.0 99.00
2005 12 16 09 00 350  5.0 99.0 99.00 99.00 99.00 999 1010.0  11.2 999.0 999.0 99.0 99.00
2005 12 16 11 00 330  1.0 99.0 99.00 99.00 99.00 999 1012.9  10.3 999.0 999.0 99.0 99.00
2005 12 16 13 00 360  3.0 99.0 99.00 99.00 99.00 999 1014.5   9.8 999.0 999.0 99.0 99.00
2005 12 16 15 00   0  0.0 99.0 99.00 99.00 99.00 999 1016.9  10.0 999.0 999.0 99.0 99.00
2005 12 16 19 00   0  0.0 99.0 99.00 99.00 99.00 999 1017.6  10.8 999.0 999.0 99.0 99.00
2005 12 16 21 00   0  0.0 99.0 99.00 99.00 99.00 999 1018.9  11.8 999.0 999.0 99.0 99.00
2005 12 16 23 00   0  0.0 99.0 99.00 99.00 99.00 999 1019.7  11.1 999.0 999.0 99.0 99.00
2005 12 17 01 00   0  0.0 99.0 99.00 99.00 99.00 999 1021.6  11.9 999.0 999.0 99.0 99.00
2005 12 17 03 00   0  0.0 99.0 99.00 99.00 99.00 999 1022.5  12.1 999.0 999.0 99.0 99.00
2005 12 17 05 00   0  0.0 99.0 99.00 99.00 99.00 999 1023.7  12.3 999.0 999.0 99.0 99.00
2005 12 17 07 00   0  0.0 99.0 99.00 99.00 99.00 999 1024.3  12.0 999.0 999.0 99.0 99.00
2005 12 17 09 00   0  0.0 99.0 99.00 99.00 99.00 999 1025.5  12.2 999.0 999.0 99.0 99.00
2005 12 17 11 00  20  3.0 99.0 99.00 99.00 99.00 999 1026.4  12.4 999.0 999.0 99.0 99.00
2005 12 17 13 00   0  0.0 99.0 99.00 99.00 99.00 999 1027.2  12.6 999.0 999.0 99.0 99.00
2005 12 17 15 00 350  7.0 99.0 99.00 99.00 99.00 999 1027.6  13.7 999.0 999.0 99.0 99.00
2005 12 17 17 00 360  8.0 99.0 99.00 99.00 99.00 999 1027.4  14.1 999.0 999.0 99.0 99.00
2005 12 17 19 00  20 11.0 99.0 99.00 99.00 99.00 999 1026.7  12.5 999.0 999.0 99.0 99.00
2005 12 17 21 00 360  5.0 99.0 99.00 99.00 99.00 999 1026.9  12.9 999.0 999.0 99.0 99.00
2005 12 18 01 00  50  2.0 99.0 99.00 99.00 99.00 999 1026.4  13.6 999.0 999.0 99.0 99.00
2005 12 18 03 00  30  6.0 99.0 99.00 99.00 99.00 999 1026.0  12.9 999.0 999.0 99.0 99.00
2005 12 18 05 00 340  8.0 99.0 99.00 99.00 99.00 999 1025.8  12.6 999.0 999.0 99.0 99.00
2005 12 18 07 00  20 11.0 99.0 99.00 99.00 99.00 999 1024.1  12.6 999.0 999.0 99.0 99.00
2005 12 18 09 00  40 11.0 99.0 99.00 99.00 99.00 999 1022.2  13.4 999.0 999.0 99.0 99.00
2005 12 18 11 00  20 11.0 99.0 99.00 99.00 99.00 999 1023.0  14.2 999.0 999.0 99.0 99.00
2005 12 18 13 00  80  8.0 99.0 99.00 99.00 99.00 999 1023.8  15.0 999.0 999.0 99.0 99.00
2005 12 18 19 00 350  6.0 99.0 99.00 99.00 99.00 999 1024.5  11.9 999.0 999.0 99.0 99.00
2005 12 18 21 00  10  8.0 99.0 99.00 99.00 99.00 999 1024.6  11.5 999.0 999.0 99.0 99.00
2005 12 18 23 00  50  8.0 99.0 99.00 99.00 99.00 999 1024.9  11.6 999.0 999.0 99.0 99.00
2005 12 19 01 00 310  5.0 99.0 99.00 99.00 99.00 999 1025.0  10.9 999.0 999.0 99.0 99.00
2005 12 19 03 00 100  2.0 99.0 99.00 99.00 99.00 999 1025.4  11.0 999.0 999.0 99.0 99.00
2005 12 19 05 00 190  2.0 99.0 99.00 99.00 99.00 999 1024.8  10.7 999.0 999.0 99.0 99.00
2005 12 19 07 00 340  3.0 99.0 99.00 99.00 99.00 999 1024.3  10.1 999.0 999.0 99.0 99.00
2005 12 19 09 00  50  2.0 99.0 99.00 99.00 99.00 999 1024.4   9.6 999.0 999.0 99.0 99.00
2005 12 19 11 00 310  5.0 99.0 99.00 99.00 99.00 999 1024.1   9.3 999.0 999.0 99.0 99.00
2005 12 19 13 00  30  7.0 99.0 99.00 99.00 99.00 999 1025.2   9.5 999.0 999.0 99.0 99.00
2005 12 19 15 00   0  0.0 99.0 99.00 99.00 99.00 999 1025.0  10.0 999.0 999.0 99.0 99.00
2005 12 19 17 00   0  0.0 99.0 99.00 99.00 99.00 999 1023.7  10.2 999.0 999.0 99.0 99.00
2005 12 19 19 00 250  2.0 99.0 99.00 99.00 99.00 999 1022.7  10.9 999.0 999.0 99.0 99.00
2005 12 19 21 00   0  0.0 99.0 99.00 99.00 99.00 999 1022.9  11.8 999.0 999.0 99.0 99.00
2005 12 19 23 00  90  3.0 99.0 99.00 99.00 99.00 999 1023.2  12.3 999.0 999.0 99.0 99.00
2005 12 20 01 00 360  2.0 99.0 99.00 99.00 99.00 999 1023.7  12.1 999.0 999.0 99.0 99.00
2005 12 20 03 00 340  3.0 99.0 99.00 99.00 99.00 999 1023.6  11.6 999.0 999.0 99.0 99.00
2005 12 20 05 00 330  2.0 99.0 99.00 99.00 99.00 999 1024.0  11.5 999.0 999.0 99.0 99.00
2005 12 20 07 00 320  3.0 99.0 99.00 99.00 99.00 999 1023.6  10.6 999.0 999.0 99.0 99.00
2005 12 20 09 00 150  6.0 99.0 99.00 99.00 99.00 999 1023.6   8.9 999.0 999.0 99.0 99.00
2005 12 20 11 00 200  2.0 99.0 99.00 99.00 99.00 999 1023.5   8.3 999.0 999.0 99.0 99.00
2005 12 20 13 00  10  7.0 99.0 99.00 99.00 99.00 999 1024.3   8.7 999.0 999.0 99.0 99.00
2005 12 20 15 00  10  6.0 99.0 99.00 99.00 99.00 999 1024.5   9.3 999.0 999.0 99.0 99.00
2005 12 20 19 00 330  4.0 99.0 99.00 99.00 99.00 999 1021.8   9.6 999.0 999.0 99.0 99.00
2005 12 20 21 00 360  3.0 99.0 99.00 99.00 99.00 999 1021.5  10.2 999.0 999.0 99.0 99.00
2005 12 20 23 00  10  2.0 99.0 99.00 99.00 99.00 999 1021.4  10.3 999.0 999.0 99.0 99.00
2005 12 21 03 00 360  2.0 99.0 99.00 99.00 99.00 999 1021.3  10.6 999.0 999.0 99.0 99.00
2005 12 21 05 00  30  4.0 99.0 99.00 99.00 99.00 999 1020.9  10.5 999.0 999.0 99.0 99.00
2005 12 21 07 00 290  3.0 99.0 99.00 99.00 99.00 999 1020.3   9.5 999.0 999.0 99.0 99.00
2005 12 21 11 00 350  6.0 99.0 99.00 99.00 99.00 999 1020.5   9.0 999.0 999.0 99.0 99.00
2005 12 21 15 00 330  4.0 99.0 99.00 99.00 99.00 999 1022.2   7.9 999.0 999.0 99.0 99.00
2005 12 21 17 00 320  2.0 99.0 99.00 99.00 99.00 999 1021.1   7.6 999.0 999.0 99.0 99.00
2005 12 21 19 00 350  4.0 99.0 99.00 99.00 99.00 999 1020.2   8.3 999.0 999.0 99.0 99.00
2005 12 21 21 00 280  4.0 99.0 99.00 99.00 99.00 999 1021.1   9.2 999.0 999.0 99.0 99.00
2005 12 21 23 00 360  7.0 99.0 99.00 99.00 99.00 999 1021.6   9.0 999.0 999.0 99.0 99.00
2005 12 22 01 00  60  4.0 99.0 99.00 99.00 99.00 999 1021.9   8.6 999.0 999.0 99.0 99.00
2005 12 22 03 00 360  2.0 99.0 99.00 99.00 99.00 999 1022.5   8.4 999.0 999.0 99.0 99.00
2005 12 22 05 00 340  4.0 99.0 99.00 99.00 99.00 999 1022.4   8.0 999.0 999.0 99.0 99.00
2005 12 22 09 00 340 10.0 99.0 99.00 99.00 99.00 999 1022.1   8.2 999.0 999.0 99.0 99.00
2005 12 22 11 00  20  3.0 99.0 99.00 99.00 99.00 999 1023.0   7.9 999.0 999.0 99.0 99.00
2005 12 22 13 00 350  3.0 99.0 99.00 99.00 99.00 999 1023.6   7.8 999.0 999.0 99.0 99.00
2005 12 22 15 00  30  3.0 99.0 99.00 99.00 99.00 999 1024.7   8.5 999.0 999.0 99.0 99.00
2005 12 22 17 00 999 99.0 99.0 99.00 99.00 99.00 999 1023.5   8.7 999.0 999.0 99.0 99.00
2005 12 22 19 00 999 99.0 99.0 99.00 99.00 99.00 999 1023.2   8.8 999.0 999.0 99.0 99.00
2005 12 22 21 00 999 99.0 99.0 99.00 99.00 99.00 999 1023.5   9.1 999.0 999.0 99.0 99.00
2005 12 22 23 00 999 99.0 99.0 99.00 99.00 99.00 999 1023.5   9.4 999.0 999.0 99.0 99.00
2005 12 23 01 00 999 99.0 99.0 99.00 99.00 99.00 999 1023.8  10.1 999.0 999.0 99.0 99.00
2005 12 23 03 00 999 99.0 99.0 99.00 99.00 99.00 999 1023.5  10.2 999.0 999.0 99.0 99.00
2005 12 23 05 00 999 99.0 99.0 99.00 99.00 99.00 999 1022.7  10.4 999.0 999.0 99.0 99.00
2005 12 23 09 00 999 99.0 99.0 99.00 99.00 99.00 999 1021.4  10.2 999.0 999.0 99.0 99.00
2005 12 23 13 00 999 99.0 99.0 99.00 99.00 99.00 999 1022.5  11.0 999.0 999.0 99.0 99.00
2005 12 23 15 00 999 99.0 99.0 99.00 99.00 99.00 999 1022.9  11.3 999.0 999.0 99.0 99.00
2005 12 23 17 00 999 99.0 99.0 99.00 99.00 99.00 999 1020.9  11.9 999.0 999.0 99.0 99.00
2005 12 23 21 00 999 99.0 99.0 99.00 99.00 99.00 999 1018.7  13.1 999.0 999.0 99.0 99.00
2005 12 23 23 00 999 99.0 99.0 99.00 99.00 99.00 999 1018.4  12.8 999.0 999.0 99.0 99.00
2005 12 24 05 00 999 99.0 99.0 99.00 99.00 99.00 999 1018.1  13.7 999.0 999.0 99.0 99.00
2005 12 24 07 00 999 99.0 99.0 99.00 99.00 99.00 999 1016.8  13.4 999.0 999.0 99.0 99.00
2005 12 24 09 00 999 99.0 99.0 99.00 99.00 99.00 999 1017.2  12.4 999.0 999.0 99.0 99.00
2005 12 24 11 00 999 99.0 99.0 99.00 99.00 99.00 999 1018.2  12.0 999.0 999.0 99.0 99.00
2005 12 24 15 00 999 99.0 99.0 99.00 99.00 99.00 999 1019.2  14.0 999.0 999.0 99.0 99.00
2005 12 24 19 00 999 99.0 99.0 99.00 99.00 99.00 999 1015.6  14.7 999.0 999.0 99.0 99.00
2005 12 24 21 00 999 99.0 99.0 99.00 99.00 99.00 999 1015.1  16.2 999.0 999.0 99.0 99.00
2005 12 24 23 00 999 99.0 99.0 99.00 99.00 99.00 999 1014.5  16.5 999.0 999.0 99.0 99.00
2005 12 25 03 00 999 99.0 99.0 99.00 99.00 99.00 999 1013.6  17.6 999.0 999.0 99.0 99.00
2005 12 25 05 00 999 99.0 99.0 99.00 99.00 99.00 999 1010.9  19.4 999.0 999.0 99.0 99.00
2005 12 25 07 00 999 99.0 99.0 99.00 99.00 99.00 999 1009.5  20.2 999.0 999.0 99.0 99.00
2005 12 25 09 00 999 99.0 99.0 99.00 99.00 99.00 999 1007.0  20.8 999.0 999.0 99.0 99.00
2005 12 25 11 00 999 99.0 99.0 99.00 99.00 99.00 999 1006.7  20.2 999.0 999.0 99.0 99.00
2005 12 25 13 00 999 99.0 99.0 99.00 99.00 99.00 999 1006.6  19.0 999.0 999.0 99.0 99.00
2005 12 25 15 00 999 99.0 99.0 99.00 99.00 99.00 999 1006.6  19.8 999.0 999.0 99.0 99.00
2005 12 25 19 00 999 99.0 99.0 99.00 99.00 99.00 999 1000.9  19.4 999.0 999.0 99.0 99.00
2005 12 25 21 00 999 99.0 99.0 99.00 99.00 99.00 999 1000.8  18.2 999.0 999.0 99.0 99.00
2005 12 26 01 00 999 99.0 99.0 99.00 99.00 99.00 999 1002.9  17.3 999.0 999.0 99.0 99.00
2005 12 26 03 00 999 99.0 99.0 99.00 99.00 99.00 999 1003.1  16.5 999.0 999.0 99.0 99.00
2005 12 26 07 00 999 99.0 99.0 99.00 99.00 99.00 999 1002.4  13.5 999.0 999.0 99.0 99.00
2005 12 26 09 00 999 99.0 99.0 99.00 99.00 99.00 999 1002.9  12.4 999.0 999.0 99.0 99.00
2005 12 26 11 00 999 99.0 99.0 99.00 99.00 99.00 999 1004.1  12.0 999.0 999.0 99.0 99.00
2005 12 26 15 00 999 99.0 99.0 99.00 99.00 99.00 999 1006.8  12.1 999.0 999.0 99.0 99.00
2005 12 26 17 00 999 99.0 99.0 99.00 99.00 99.00 999 1006.2  12.5 999.0 999.0 99.0 99.00
2005 12 26 19 00 999 99.0 99.0 99.00 99.00 99.00 999 1006.3  13.2 999.0 999.0 99.0 99.00
2005 12 26 23 00 999 99.0 99.0 99.00 99.00 99.00 999 1009.8  14.4 999.0 999.0 99.0 99.00
2005 12 27 01 00 999 99.0 99.0 99.00 99.00 99.00 999 1011.8  14.2 999.0 999.0 99.0 99.00
2005 12 27 03 00 999 99.0 99.0 99.00 99.00 99.00 999 1013.3  13.6 999.0 999.0 99.0 99.00
2005 12 27 05 00 999 99.0 99.0 99.00 99.00 99.00 999 1013.0  12.4 999.0 999.0 99.0 99.00
2005 12 27 07 00 999 99.0 99.0 99.00 99.00 99.00 999 1013.4  11.5 999.0 999.0 99.0 99.00
2005 12 27 09 00 999 99.0 99.0 99.00 99.00 99.00 999 1013.3  10.7 999.0 999.0 99.0 99.00
2005 12 27 11 00 999 99.0 99.0 99.00 99.00 99.00 999 1013.8  10.4 999.0 999.0 99.0 99.00
2005 12 27 13 00 999 99.0 99.0 99.00 99.00 99.00 999 1015.1  10.7 999.0 999.0 99.0 99.00
2005 12 27 15 00 999 99.0 99.0 99.00 99.00 99.00 999 1016.9  10.7 999.0 999.0 99.0 99.00
2005 12 27 19 00 999 99.0 99.0 99.00 99.00 99.00 999 1013.8  12.7 999.0 999.0 99.0 99.00
2005 12 27 23 00 999 99.0 99.0 99.00 99.00 99.00 999 1014.1  12.7 999.0 999.0 99.0 99.00
2005 12 28 01 00 999 99.0 99.0 99.00 99.00 99.00 999 1014.6  13.9 999.0 999.0 99.0 99.00
2005 12 28 03 00 999 99.0 99.0 99.00 99.00 99.00 999 1014.7  13.9 999.0 999.0 99.0 99.00
2005 12 28 05 00 999 99.0 99.0 99.00 99.00 99.00 999 1014.5  13.9 999.0 999.0 99.0 99.00
2005 12 28 09 00 999 99.0 99.0 99.00 99.00 99.00 999 1013.3  14.4 999.0 999.0 99.0 99.00
2005 12 28 11 00 999 99.0 99.0 99.00 99.00 99.00 999 1013.5  14.0 999.0 999.0 99.0 99.00
2005 12 28 13 00 999 99.0 99.0 99.00 99.00 99.00 999 1013.7  15.4 999.0 999.0 99.0 99.00
2005 12 29 13 00 999 99.0 99.0 99.00 99.00 99.00 999  997.6  15.8 999.0 999.0 99.0 99.00
2005 12 29 19 00 999 99.0 99.0 99.00 99.00 99.00 999  997.5  15.0 999.0 999.0 99.0 99.00
2005 12 29 23 00 999 99.0 99.0 99.00 99.00 99.00 999 1001.8  14.7 999.0 999.0 99.0 99.00
2005 12 30 01 00 999 99.0 99.0 99.00 99.00 99.00 999 1004.0  14.2 999.0 999.0 99.0 99.00
2005 12 30 03 00 999 99.0 99.0 99.00 99.00 99.00 999 1005.2  13.9 999.0 999.0 99.0 99.00
2005 12 30 05 00 999 99.0 99.0 99.00 99.00 99.00 999 1005.3  13.0 999.0 999.0 99.0 99.00
2005 12 30 07 00 999 99.0 99.0 99.00 99.00 99.00 999 1006.0  11.8 999.0 999.0 99.0 99.00
2005 12 30 09 00 999 99.0 99.0 99.00 99.00 99.00 999 1007.3  11.4 999.0 999.0 99.0 99.00
2005 12 30 11 00 999 99.0 99.0 99.00 99.00 99.00 999 1007.9  11.3 999.0 999.0 99.0 99.00
2005 12 30 13 00 999 99.0 99.0 99.00 99.00 99.00 999 1009.7  11.5 999.0 999.0 99.0 99.00
2005 12 30 19 00 999 99.0 99.0 99.00 99.00 99.00 999 1010.3  12.6 999.0 999.0 99.0 99.00
2005 12 30 21 00 999 99.0 99.0 99.00 99.00 99.00 999 1009.9  12.9 999.0 999.0 99.0 99.00
2005 12 31 01 00 999 99.0 99.0 99.00 99.00 99.00 999 1009.8  14.2 999.0 999.0 99.0 99.00
2005 12 31 03 00 999 99.0 99.0 99.00 99.00 99.00 999 1010.1  13.6 999.0 999.0 99.0 99.00
2005 12 31 07 00 999 99.0 99.0 99.00 99.00 99.00 999 1011.1  14.5 999.0 999.0 99.0 99.00
2005 12 31 09 00 999 99.0 99.0 99.00 99.00 99.00 999 1010.9  14.7 999.0 999.0 99.0 99.00
2005 12 31 13 00 999 99.0 99.0 99.00 99.00 99.00 999 1010.5  17.4 999.0 999.0 99.0 99.00
2005 12 31 15 00 999 99.0 99.0 99.00 99.00 99.00 999 1011.0  17.2 999.0 999.0 99.0 99.00
2005 12 31 17 00 999 99.0 99.0 99.00 99.00 99.00 999 1009.3  15.8 999.0 999.0 99.0 99.00
2005 12 31 19 00 999 99.0 99.0 99.00 99.00 99.00 999 1008.2  16.0 999.0 999.0 99.0 99.00
2005 12 31 21 00 999 99.0 99.0 99.00 99.00 99.00 999 1007.8  16.4 999.0 999.0 99.0 99.00
