#YY  MM DD hh mm WDIR WSPD GST  WVHT   DPD   APD MWD   PRES  ATMP  WTMP  DEWP  VIS  TIDE
#yr  mo dy hr mn degT m/s  m/s     m   sec   sec deg    hPa  degC  degC  degC  nmi    ft
2008 01 01 12 00 300  8.0 99.0 99.00 99.00 99.00 999 1016.8 999.0 999.0 999.0 99.0 99.00
2008 01 02 02 00 300 12.0 99.0 99.00 99.00 99.00 999 1018.2 999.0 999.0 999.0 99.0 99.00
2008 01 02 16 00 300 14.0 99.0 99.00 99.00 99.00 999 1022.5 999.0 999.0 999.0 99.0 99.00
2008 01 03 06 00  10 14.0 99.0 99.00 99.00 99.00 999 1030.9 999.0 999.0 999.0 99.0 99.00
2008 01 03 20 00  40  8.0 99.0 99.00 99.00 99.00 999 1035.8 999.0 999.0 999.0 99.0 99.00
2008 01 04 10 00  40  4.0 99.0 99.00 99.00 99.00 999 1035.8 999.0 999.0 999.0 99.0 99.00
2008 01 06 04 00 160  3.0 99.0 99.00 99.00 99.00 999 1028.9 999.0 999.0 999.0 99.0 99.00
2008 01 07 08 00   0  0.0 99.0 99.00 99.00 99.00 999 1026.9 999.0 999.0 999.0 99.0 99.00
2008 01 07 22 00   0  0.0 99.0 99.00 99.00 99.00 999 1027.5 999.0 999.0 999.0 99.0 99.00
2008 01 08 12 00  90  2.0 99.0 99.00 99.00 99.00 999 1026.3 999.0 999.0 999.0 99.0 99.00
2008 01 09 02 00 200  4.0 99.0 99.00 99.00 99.00 999 1022.7 999.0 999.0 999.0 99.0 99.00
2008 01 09 16 00 250  8.0 99.0 99.00 99.00 99.00 999 1021.5 999.0 999.0 999.0 99.0 99.00
2008 01 10 06 00 330  2.0 99.0 99.00 99.00 99.00 999 1019.8 999.0 999.0 999.0 99.0 99.00
2008 01 10 20 00 110  3.0 99.0 99.00 99.00 99.00 999 1017.2 999.0 999.0 999.0 99.0 99.00
2008 01 11 10 00 200  9.0 99.0 99.00 99.00 99.00 999 1012.2 999.0 999.0 999.0 99.0 99.00
2008 01 12 00 00 220  6.0 99.0 99.00 99.00 99.00 999 1011.4 999.0 999.0 999.0 99.0 99.00
2008 01 12 14 00 120  2.0 99.0 99.00 99.00 99.00 999 1014.6 999.0 999.0 999.0 99.0 99.00
2008 01 13 04 00  70 10.0 99.0 99.00 99.00 99.00 999 1015.0 999.0 999.0 999.0 99.0 99.00
2008 01 13 18 00  20  8.0 99.0 99.00 99.00 99.00 999 1011.8 999.0 999.0 999.0 99.0 99.00
2008 01 14 08 00 330  6.0 99.0 99.00 99.00 99.00 999 1014.9 999.0 999.0 999.0 99.0 99.00
2008 01 14 22 00 300  8.0 99.0 99.00 99.00 99.00 999 1016.4 999.0 999.0 999.0 99.0 99.00
2008 01 15 12 00   0  0.0 99.0 99.00 99.00 99.00 999 1018.3 999.0 999.0 999.0 99.0 99.00
2008 01 16 02 00  10 10.0 99.0 99.00 99.00 99.00 999 1021.8 999.0 999.0 999.0 99.0 99.00
2008 01 16 16 00  60  7.0 99.0 99.00 99.00 99.00 999 1027.5 999.0 999.0 999.0 99.0 99.00
2008 01 17 06 00  70 12.0 99.0 99.00 99.00 99.00 999 1022.5 999.0 999.0 999.0 99.0 99.00
2008 01 17 20 00 260  6.0 99.0 99.00 99.00 99.00 999 1010.7 999.0 999.0 999.0 99.0 99.00
2008 01 18 10 00 320  4.0 99.0 99.00 99.00 99.00 999 1017.3 999.0 999.0 999.0 99.0 99.00
2008 01 19 00 00 350  1.0 99.0 99.00 99.00 99.00 999 1020.1 999.0 999.0 999.0 99.0 99.00
2008 01 19 14 00  10  9.0 99.0 99.00 99.00 99.00 999 1018.3 999.0 999.0 999.0 99.0 99.00
2008 01 20 04 00  10 10.0 99.0 99.00 99.00 99.00 999 1013.9 999.0 999.0 999.0 99.0 99.00
2008 01 20 18 00  30  9.0 99.0 99.00 99.00 99.00 999 1026.5 999.0 999.0 999.0 99.0 99.00
2008 01 21 08 00  50 11.0 99.0 99.00 99.00 99.00 999 1031.5 999.0 999.0 999.0 99.0 99.00
2008 01 21 22 00  70 10.0 99.0 99.00 99.00 99.00 999 1037.0 999.0 999.0 999.0 99.0 99.00
2008 01 22 12 00  50  6.0 99.0 99.00 99.00 99.00 999 1028.8 999.0 999.0 999.0 99.0 99.00
2008 01 23 02 00 250  4.0 99.0 99.00 99.00 99.00 999 1020.4 999.0 999.0 999.0 99.0 99.00
2008 01 23 16 00   0  0.0 99.0 99.00 99.00 99.00 999 1019.6 999.0 999.0 999.0 99.0 99.00
2008 01 24 06 00  20  3.0 99.0 99.00 99.00 99.00 999 1016.8 999.0 999.0 999.0 99.0 99.00
2008 01 24 20 00 300 10.0 99.0 99.00 99.00 99.00 999 1013.6 999.0 999.0 999.0 99.0 99.00
2008 01 25 10 00  40 13.0 99.0 99.00 99.00 99.00 999 1028.3 999.0 999.0 999.0 99.0 99.00
2008 01 26 00 00  80  3.0 99.0 99.00 99.00 99.00 999 1031.8 999.0 999.0 999.0 99.0 99.00
2008 01 26 14 00  30  7.0 99.0 99.00 99.00 99.00 999 1025.0 999.0 999.0 999.0 99.0 99.00
2008 01 27 04 00 310  7.0 99.0 99.00 99.00 99.00 999 1018.1 999.0 999.0 999.0 99.0 99.00
2008 01 27 18 00  10  6.0 99.0 99.00 99.00 99.00 999 1018.3 999.0 999.0 999.0 99.0 99.00
2008 01 28 22 00 180  1.0 99.0 99.00 99.00 99.00 999 1021.0 999.0 999.0 999.0 99.0 99.00
2008 01 29 12 00 270  6.0 99.0 99.00 99.00 99.00 999 1019.2 999.0 999.0 999.0 99.0 99.00
2008 01 30 02 00 250  5.0 99.0 99.00 99.00 99.00 999 1013.4 999.0 999.0 999.0 99.0 99.00
2008 01 30 16 00 270 12.0 99.0 99.00 99.00 99.00 999 1013.8 999.0 999.0 999.0 99.0 99.00
2008 01 31 06 00  50 10.0 99.0 99.00 99.00 99.00 999 1022.6 999.0 999.0 999.0 99.0 99.00
2008 01 31 20 00  60 11.0 99.0 99.00 99.00 99.00 999 1025.5 999.0 999.0 999.0 99.0 99.00
2008 02 01 10 00 180  5.0 99.0 99.00 99.00 99.00 999 1019.1 999.0 999.0 999.0 99.0 99.00
2008 02 02 00 00 270  7.0 99.0 99.00 99.00 99.00 999 1017.7 999.0 999.0 999.0 99.0 99.00
2008 02 02 14 00 360  4.0 99.0 99.00 99.00 99.00 999 1026.8 999.0 999.0 999.0 99.0 99.00
2008 02 03 04 00   0  0.0 99.0 99.00 99.00 99.00 999 1024.6 999.0 999.0 999.0 99.0 99.00
2008 02 03 18 00 110  2.0 99.0 99.00 99.00 99.00 999 1024.2 999.0 999.0 999.0 99.0 99.00
2008 02 04 08 00  60  2.0 99.0 99.00 99.00 99.00 999 1022.7 999.0 999.0 999.0 99.0 99.00
2008 02 04 22 00   0  0.0 99.0 99.00 99.00 99.00 999 1022.5 999.0 999.0 999.0 99.0 99.00
2008 02 05 00 00   0  0.0 99.0 99.00 99.00 99.00 999 1034.6 999.0 999.0 999.0 99.0 99.00
2008 02 05 12 00 240  1.0 99.0 99.00 99.00 99.00 999 1022.7 999.0 999.0 999.0 99.0 99.00
2008 02 05 14 00  50  2.0 99.0 99.00 99.00 99.00 999 1033.5 999.0 999.0 999.0 99.0 99.00
2008 02 06 02 00 230  4.0 99.0 99.00 99.00 99.00 999 1019.4 999.0 999.0 999.0 99.0 99.00
2008 02 06 16 00 250  7.0 99.0 99.00 99.00 99.00 999 1015.9 999.0 999.0 999.0 99.0 99.00
2008 02 06 18 00  90  3.0 99.0 99.00 99.00 99.00 999 1027.4 999.0 999.0 999.0 99.0 99.00
2008 02 07 06 00 260 10.0 99.0 99.00 99.00 99.00 999 1009.4 999.0 999.0 999.0 99.0 99.00
2008 02 07 20 00 260  7.0 99.0 99.00 99.00 99.00 999 1012.8 999.0 999.0 999.0 99.0 99.00
2008 02 08 10 00 300  9.0 99.0 99.00 99.00 99.00 999 1012.6 999.0 999.0 999.0 99.0 99.00
2008 02 09 00 00 240  3.0 99.0 99.00 99.00 99.00 999 1016.7 999.0 999.0 999.0 99.0 99.00
2008 02 09 14 00 260  3.0 99.0 99.00 99.00 99.00 999 1016.9 999.0 999.0 999.0 99.0 99.00
2008 02 10 04 00 280 11.0 99.0 99.00 99.00 99.00 999 1015.4 999.0 999.0 999.0 99.0 99.00
2008 02 10 18 00 280 11.0 99.0 99.00 99.00 99.00 999 1020.2 999.0 999.0 999.0 99.0 99.00
2008 02 10 20 00 270 12.0 99.0 99.00 99.00 99.00 999 1018.8 999.0 999.0 999.0 99.0 99.00
2008 02 10 22 00 280  9.0 99.0 99.00 99.00 99.00 999 1018.5 999.0 999.0 999.0 99.0 99.00
2008 02 11 00 00 300  9.0 99.0 99.00 99.00 99.00 999 1019.5 999.0 999.0 999.0 99.0 99.00
2008 02 11 02 00 290 12.0 99.0 99.00 99.00 99.00 999 1019.2 999.0 999.0 999.0 99.0 99.00
2008 02 11 04 00 290 11.0 99.0 99.00 99.00 99.00 999 1020.4 999.0 999.0 999.0 99.0 99.00
2008 02 11 06 00 300 12.0 99.0 99.00 99.00 99.00 999 1020.9 999.0 999.0 999.0 99.0 99.00
2008 02 11 08 00 320 11.0 99.0 99.00 99.00 99.00 999 1021.1 999.0 999.0 999.0 99.0 99.00
2008 02 11 10 00  40  9.0 99.0 99.00 99.00 99.00 999 1023.6 999.0 999.0 999.0 99.0 99.00
2008 02 11 12 00  70  8.0 99.0 99.00 99.00 99.00 999 1025.8 999.0 999.0 999.0 99.0 99.00
2008 02 11 14 00  80  8.0 99.0 99.00 99.00 99.00 999 1027.6 999.0 999.0 999.0 99.0 99.00
2008 02 11 16 00  80  9.0 99.0 99.00 99.00 99.00 999 1027.6 999.0 999.0 999.0 99.0 99.00
2008 02 11 18 00  70  7.0 99.0 99.00 99.00 99.00 999 1027.6 999.0 999.0 999.0 99.0 99.00
2008 02 11 20 00 100  6.0 99.0 99.00 99.00 99.00 999 1026.2 999.0 999.0 999.0 99.0 99.00
2008 02 12 08 00 180  6.0 99.0 99.00 99.00 99.00 999 1023.8 999.0 999.0 999.0 99.0 99.00
2008 02 12 22 00 190 10.0 99.0 99.00 99.00 99.00 999 1017.6 999.0 999.0 999.0 99.0 99.00
2008 02 13 12 00 240  9.0 99.0 99.00 99.00 99.00 999 1003.0 999.0 999.0 999.0 99.0 99.00
2008 02 14 02 00 300 13.0 99.0 99.00 99.00 99.00 999 1003.3 999.0 999.0 999.0 99.0 99.00
2008 02 14 16 00  10  5.0 99.0 99.00 99.00 99.00 999 1023.6 999.0 999.0 999.0 99.0 99.00
2008 02 15 06 00 280  3.0 99.0 99.00 99.00 99.00 999 1025.0 999.0 999.0 999.0 99.0 99.00
2008 02 15 20 00 270  5.0 99.0 99.00 99.00 99.00 999 1023.2 999.0 999.0 999.0 99.0 99.00
2008 02 16 10 00 290  5.0 99.0 99.00 99.00 99.00 999 1021.3 999.0 999.0 999.0 99.0 99.00
2008 02 17 00 00 100 10.0 99.0 99.00 99.00 99.00 999 1021.5 999.0 999.0 999.0 99.0 99.00
2008 02 17 14 00 180  6.0 99.0 99.00 99.00 99.00 999 1020.5 999.0 999.0 999.0 99.0 99.00
2008 03 18 04 00 190 10.0 99.0 99.00 99.00 99.00 999 1011.4 999.0 999.0 999.0 99.0 99.00
2008 03 18 18 00 280 13.0 99.0 99.00 99.00 99.00 999 1007.0 999.0 999.0 999.0 99.0 99.00
2008 03 19 08 00 330 10.0 99.0 99.00 99.00 99.00 999 1015.7 999.0 999.0 999.0 99.0 99.00
2008 03 19 22 00 320  9.0 99.0 99.00 99.00 99.00 999 1016.1 999.0 999.0 999.0 99.0 99.00
2008 03 20 12 00 330  7.0 99.0 99.00 99.00 99.00 999 1021.3 999.0 999.0 999.0 99.0 99.00
2008 03 21 02 00 260 10.0 99.0 99.00 99.00 99.00 999 1019.2 999.0 999.0 999.0 99.0 99.00
