#YY  MM DD hh mm WDIR WSPD GST  WVHT   DPD   APD MWD   PRES  ATMP  WTMP  DEWP  VIS  TIDE
#yr  mo dy hr mn degT m/s  m/s     m   sec   sec deg    hPa  degC  degC  degC  nmi    ft
2008 05 28 16 50 235  8.9 10.7  1.56  5.56  4.53 999 1018.0  21.5  21.4  17.9 99.0 99.00
2008 05 28 17 50 231  7.9  9.6  1.50  5.88  4.60 999 1017.6  21.5  21.5  18.6 99.0 99.00
2008 05 28 18 50 232  7.2  8.7  1.56  6.25  4.56 999 1017.3  21.5  21.5  19.0 99.0 99.00
2008 05 28 19 50 333  4.7  6.3  1.48  5.88  4.61 999 1017.4  21.4  21.5  19.5 99.0 99.00
2008 05 28 20 50 359  6.0  7.2  1.54  6.25  4.90 999 1017.6  21.1  21.5  18.9 99.0 99.00
2008 05 28 21 50  29  6.4  7.2  1.44  6.25  4.78 999 1017.7  20.7  21.5  18.8 99.0 99.00
2008 05 28 22 50  29  7.9  9.6  1.45  5.88  4.70 999 1018.0  19.9  21.5  18.5 99.0 99.00
2008 05 28 23 50  33  7.9  9.4  1.51  6.25  4.57 999 1018.5  20.6  21.5  18.3 99.0 99.00
2008 05 29 00 50  33  9.4 11.3  1.57  5.00  4.46 999 1018.9  20.2  21.5  17.8 99.0 99.00
2008 05 29 01 50  38  9.5 10.6  2.26  7.69  5.30 999 1019.4  20.2  21.5  17.4 99.0 99.00
2008 05 29 02 50  40  9.4 10.7  2.27  7.69  5.32 999 1019.7  19.9  21.5  16.8 99.0 99.00
2008 05 29 03 50  37  9.7 11.5  2.59  8.33  6.01 999 1019.6  20.0  21.5  16.3 99.0 99.00
2008 05 29 04 50  38  8.8 10.1  2.61  8.33  5.87 999 1019.7  20.1  21.5  15.7 99.0 99.00
2008 05 29 05 50  35  9.2 10.8  2.41  8.33  5.70 999 1019.7  19.8  21.5  15.5 99.0 99.00
2008 05 29 06 50  36  9.0 11.1  2.27  8.33  5.72 999 1019.7  19.6  21.4  15.0 99.0 99.00
2008 05 29 07 50  36  9.0 10.5  2.24  8.33  5.63 999 1019.7  19.4  21.4  14.5 99.0 99.00
2008 05 29 08 50  33  8.3 10.4  2.24  9.09  5.74 999 1019.9  19.3  21.4  14.0 99.0 99.00
2008 05 29 09 50  35  8.4  9.9  2.27  8.33  5.76 999 1020.2  19.2  21.4  14.0 99.0 99.00
2008 05 29 10 50  37  7.1  8.6  2.23  8.33  5.75 999 1020.9  19.1  21.4  13.6 99.0 99.00
2008 05 29 11 50  34  7.3  8.8  2.14  9.09  5.81 999 1021.5  19.2  21.3  13.4 99.0 99.00
2008 05 29 12 50  37  6.4  8.5  1.99  8.33  5.64 999 1021.8  19.2  21.4  12.8 99.0 99.00
2008 05 29 13 50  37  7.0  8.3  2.03  8.33  5.63 999 1021.8  19.2  21.4  12.3 99.0 99.00
2008 05 29 14 50  43  6.0  7.3  1.84  8.33  5.42 999 1022.0  19.3  21.4  12.0 99.0 99.00
2008 05 29 15 50  52  5.4  7.3  1.86  9.09  5.50 999 1021.8  19.3  21.4  11.6 99.0 99.00
2008 05 29 16 50  55  4.7  6.2  1.66  8.33  5.28 999 1022.0  19.3  21.5  11.3 99.0 99.00
2008 05 29 17 50  46  4.0  5.3  1.74  8.33  5.50 999 1021.8  19.4  21.6  11.1 99.0 99.00
2008 05 29 18 50  44  3.3  4.1  1.58  7.69  5.31 999 1021.5  19.5  21.7  11.6 99.0 99.00
2008 05 29 19 50  23  2.9  4.0  1.58  6.25  5.54 999 1021.6  19.6  21.7  11.6 99.0 99.00
2008 05 29 20 50  34  3.0  4.3  1.48  8.33  5.56 999 1021.0  19.6  21.7  11.7 99.0 99.00
2008 05 29 21 50  49  2.5  3.9  1.53  9.09  5.72 999 1020.7  19.7  21.7  11.5 99.0 99.00
2008 05 29 22 50  40  1.5  2.7  1.48  7.69  5.67 999 1021.1  19.8  21.6  11.7 99.0 99.00
2008 05 29 23 50  64  1.5  2.5  1.50  6.67  5.62 999 1021.2  19.4  21.6  11.0 99.0 99.00
2008 05 30 00 50  44  2.0  3.0  1.35  7.69  5.59 999 1021.5  19.1  21.4  10.6 99.0 99.00
2008 05 30 01 50  17  2.6  3.9  1.40  7.69  5.67 999 1022.1  19.0  21.4  10.8 99.0 99.00
2008 05 30 02 50 354  1.5  2.5  1.33  8.33  5.74 999 1022.2  18.9  21.4  10.6 99.0 99.00
2008 05 30 03 50  54  0.8  1.8  1.37  8.33  5.68 999 1022.0  18.8  21.4  10.5 99.0 99.00
2008 05 30 04 50  46  1.1  2.0  1.29  7.69  5.70 999 1021.9  18.7  21.3  10.7 99.0 99.00
2008 05 30 05 50 356  0.6  1.6  1.28  8.33  5.48 999 1021.9  18.6  21.3  10.5 99.0 99.00
2008 05 30 06 50  21  1.3  2.2  1.25  8.33  5.69 999 1021.7  18.6  21.3  10.8 99.0 99.00
2008 05 30 07 50  46  1.2  2.3  1.14  7.69  5.48 999 1021.3  18.6  21.2  11.0 99.0 99.00
2008 05 30 08 50  42  0.4  1.2  1.05  7.69  5.52 999 1021.3  18.7  21.2  11.1 99.0 99.00
2008 05 30 09 50  76  1.1  2.0  1.07  7.69  5.54 999 1021.9  18.7  21.1  11.3 99.0 99.00
2008 05 30 10 50 147  0.6  1.1  1.08  7.14  5.78 999 1022.3  19.5  21.1  12.1 99.0 99.00
2008 05 30 11 50  93  0.5  1.4  1.00  7.14  5.65 999 1022.9  20.4  21.2  12.4 99.0 99.00
2008 05 30 12 50  76  1.1  1.6  0.94  7.14  5.57 999 1022.8  19.9  21.2  12.2 99.0 99.00
2008 05 30 13 50  20  0.3  1.2  0.99  7.69  5.55 999 1022.8  20.1  21.3  12.2 99.0 99.00
2008 05 30 14 50 142  0.6  1.4  0.90  7.14  5.61 999 1023.2  20.3  21.4  12.2 99.0 99.00
2008 05 30 15 50 180  1.2  1.9  0.88  7.14  5.65 999 1023.1  19.8  22.1  12.6 99.0 99.00
2008 05 30 16 50 178  1.0  1.8  0.90  7.14  5.66 999 1023.1  20.0  22.0  12.7 99.0 99.00
2008 05 30 17 50 152  1.7  2.6  0.83  7.14  5.49 999 1022.5  20.0  22.1  12.6 99.0 99.00
2008 05 30 18 50 128  1.5  2.5  0.80  6.67  5.62 999 1022.1  20.2  21.7  12.6 99.0 99.00
2008 05 30 19 50  78  1.5  2.2  0.80  6.67  5.82 999 1022.1  20.5  21.9  12.8 99.0 99.00
2008 05 30 20 50 129  1.7  2.8  0.85  7.14  5.97 999 1021.9  20.6  23.4  13.3 99.0 99.00
2008 05 30 21 50 125  1.6  2.3  0.84  7.69  5.95 999 1021.8  20.7  23.2  13.2 99.0 99.00
2008 05 30 22 50 138  3.2  4.5  0.85  7.14  5.80 999 1021.6  20.7  23.1  13.0 99.0 99.00
2008 05 30 23 50 156  3.1  4.3  0.82  7.69  5.84 999 1021.8  20.5  22.9  12.5 99.0 99.00
2008 05 31 00 50 152  3.0  4.1  0.79  7.69  5.78 999 1021.9  20.3  22.9  11.7 99.0 99.00
2008 05 31 01 50 158  3.5  4.9  0.75  7.69  5.87 999 1022.2  20.3  22.9  12.5 99.0 99.00
2008 05 31 02 50 162  4.0  5.0  0.76  6.67  5.83 999 1022.1  20.3  22.7  12.8 99.0 99.00
2008 05 31 03 50 174  4.3  5.7  0.77  7.69  5.79 999 1021.7  20.2  22.9  13.2 99.0 99.00
2008 05 31 04 50 185  3.9  5.3  0.72  6.67  5.40 999 1021.3  20.2  22.1  13.4 99.0 99.00
2008 05 31 05 50 197  4.8  6.2  0.78  7.69  5.49 999 1020.7  20.1  21.9  14.0 99.0 99.00
2008 05 31 06 50 199  4.8  6.1  0.74  8.33  5.12 999 1020.7  20.2  21.9  13.1 99.0 99.00
2008 05 31 07 50 214  4.0  5.6  0.80  7.69  5.16 999 1020.9  20.1  21.7  13.1 99.0 99.00
2008 05 31 08 50 213  3.7  4.7  0.80  8.33  5.22 999 1020.8  20.0  21.5  13.5 99.0 99.00
2008 05 31 09 50 209  4.4  5.6  0.85  9.09  5.42 999 1020.8  20.3  21.6  12.5 99.0 99.00
2008 05 31 10 50 213  4.0  5.0  0.80  9.09  5.38 999 1021.4  20.5  21.5  13.9 99.0 99.00
2008 05 31 11 50 192  4.9  6.5  0.80  9.09  5.30 999 1021.4  20.8  21.5  15.2 99.0 99.00
2008 05 31 12 50 197  5.3  6.0  0.75  9.09  4.90 999 1021.6  20.8  21.6  15.2 99.0 99.00
2008 05 31 13 50 188  5.9  7.0  0.81  9.09  4.82 999 1021.4  20.9  21.7  16.3 99.0 99.00
2008 05 31 14 50 190  7.0  8.3  0.89  9.09  4.65 999 1021.1  20.8  21.8  16.6 99.0 99.00
2008 05 31 15 50 182  7.5  9.0  1.01  7.69  4.38 999 1020.3  20.7  22.1  16.5 99.0 99.00
2008 05 31 16 50 191  7.9  9.0  1.13  8.33  4.34 999 1019.6  20.8  22.3  16.8 99.0 99.00
2008 05 31 17 50 194  8.0  9.2  1.18  8.33  4.13 999 1019.3  21.1  22.4  17.1 99.0 99.00
2008 05 31 18 50 190  8.8 10.0  1.16  8.33  4.11 999 1018.2  21.2  22.5  17.4 99.0 99.00
2008 05 31 19 50 188  9.1 11.0  1.15  4.17  3.89 999 1017.4  21.4  22.6  17.0 99.0 99.00
2008 05 31 20 50 194  9.1 11.4  1.24  4.35  4.02 999 1016.9  21.4  22.6  17.9 99.0 99.00
2008 05 31 21 50 195 10.0 11.6  1.31  4.55  4.08 999 1016.7  21.4  22.6  18.5 99.0 99.00
2008 05 31 22 50 195  9.9 11.8  1.50  4.55  4.16 999 1016.2  21.8  22.6  19.6 99.0 99.00
2008 05 31 23 50 205  8.8 10.8  1.52  4.76  4.13 999 1016.6  22.0  22.6  20.2 99.0 99.00
2008 06 01 00 50 212  8.7 10.3  1.56  5.00  4.27 999 1017.4  22.1  22.6  20.4 99.0 99.00
2008 06 01 01 50 205  9.0 10.6  1.58  5.26  4.42 999 1017.5  22.2  22.5  20.6 99.0 99.00
2008 06 01 02 50 203  9.9 11.7  1.51  5.00  4.33 999 1016.9  22.2  22.5  20.6 99.0 99.00
2008 06 01 03 50 211 10.3 12.2  1.61  5.00  4.31 999 1016.6  22.3  22.5  20.5 99.0 99.00
2008 06 01 04 50 210 11.2 13.5  1.71  5.56  4.44 999 1015.5  22.3  22.4  20.6 99.0 99.00
2008 06 01 05 50 212 10.9 12.6  1.78  4.76  4.44 999 1015.1  22.2  22.4  20.6 99.0 99.00
2008 06 01 06 50 217 10.4 12.7  1.76  5.88  4.48 999 1015.0  22.4  22.3  20.5 99.0 99.00
2008 06 01 07 50 219 10.5 13.0  1.80  6.67  4.46 999 1014.5  22.4  22.3  20.4 99.0 99.00
2008 06 01 08 50 214 10.8 12.4  1.88  6.67  4.63 999 1014.4  22.4  22.2  20.5 99.0 99.00
2008 06 01 09 50 209 11.2 13.2  1.92  7.14  4.74 999 1014.6  22.5  22.2  20.4 99.0 99.00
2008 06 01 10 50 215 10.8 12.7  1.99  6.67  4.71 999 1014.9  22.5  22.2  20.4 99.0 99.00
2008 06 01 11 50 217 11.1 12.8  2.14  6.67  4.96 999 1014.7  22.6  22.1  20.1 99.0 99.00
2008 06 01 12 50 218 11.2 12.9  2.16  6.67  5.06 999 1014.8  22.6  22.1  20.4 99.0 99.00
2008 06 01 13 50 223 10.0 12.1  2.25  7.14  5.16 999 1014.9  22.7  22.1  20.8 99.0 99.00
2008 06 01 14 50 222  8.9 10.9  2.14  7.14  5.19 999 1014.9  22.9  22.2  21.1 99.0 99.00
2008 06 01 15 50 218  9.4 11.2  2.11  7.14  5.08 999 1014.5  22.9  22.3  21.4 99.0 99.00
2008 06 01 16 50 217  9.9 11.9  2.09  7.69  5.07 999 1014.5  23.0  22.3  21.7 99.0 99.00
2008 06 01 17 50 218  9.5 11.3  2.08  7.69  4.97 999 1014.0  23.0  22.4  21.9 99.0 99.00
2008 06 01 18 50 213  9.9 11.3  2.02  7.69  5.05 999 1013.3  23.1  22.5  22.0 99.0 99.00
2008 06 01 19 50 215  9.8 11.7  2.17  7.69  5.11 999 1012.9  23.1  22.5  22.0 99.0 99.00
2008 06 01 20 50 220  9.2 10.6  2.06  7.69  5.04 999 1012.7  23.1  22.5  22.0 99.0 99.00
2008 06 01 21 50 213 10.2 11.8  1.83  5.56  4.73 999 1012.1  23.0  22.5  22.0 99.0 99.00
2008 06 01 22 50 216 10.0 11.7  1.98  7.14  4.80 999 1012.4  22.9  22.5  21.9 99.0 99.00
2008 06 01 23 50 216  9.9 11.6  1.98  7.14  4.94 999 1012.1  23.0  22.6  21.9 99.0 99.00
2008 06 02 00 50 223 10.0 11.4  2.00  7.14  4.93 999 1012.6  22.9  22.6  22.0 99.0 99.00
2008 06 02 01 50 225 10.2 12.6  2.06  7.14  4.75 999 1013.2  22.9  22.6  22.1 99.0 99.00
2008 06 02 02 50 220 10.2 12.0  1.94  6.25  4.88 999 1013.2  23.1  22.6  22.2 99.0 99.00
2008 06 02 03 50 220 10.1 12.3  1.83  7.14  4.61 999 1013.1  23.2  22.6  22.1 99.0 99.00
2008 06 02 04 50 223 10.4 12.1  1.94  6.67  4.70 999 1012.3  23.1  22.6  22.1 99.0 99.00
2008 06 02 05 50 231 10.2 12.6  2.12  6.67  4.87 999 1013.1  23.2  22.6  22.2 99.0 99.00
2008 06 02 06 50 321 10.5 12.6  1.88  6.67  4.81 999 1012.7  20.6  22.5  18.3 99.0 99.00
2008 06 02 07 50 353  5.6  6.9  1.78  6.25  4.88 999 1010.8  21.4  22.5  18.1 99.0 99.00
2008 06 02 08 50  71  2.1  3.1  1.62  7.69  5.19 999 1011.4  21.8  22.5  17.7 99.0 99.00
2008 06 02 09 50 165  5.8  7.5  1.50  7.69  5.18 999 1011.9  21.9  22.4  18.8 99.0 99.00
2008 06 02 10 50 180  7.7  8.8  1.65  7.14  5.43 999 1012.6  22.1  22.4  19.0 99.0 99.00
2008 06 02 11 50 192  9.0 10.7  1.65  7.69  5.00 999 1013.0  21.9  22.4  19.3 99.0 99.00
2008 06 02 12 50 208  8.4  9.8  1.77  7.14  4.89 999 1013.3  22.0  22.5  19.4 99.0 99.00
2008 06 02 13 50 207  8.9 10.5  1.64  6.25  4.86 999 1013.4  21.7  22.5  19.9 99.0 99.00
2008 06 02 14 50 212  7.7  9.1  1.75  7.14  4.95 999 1013.5  22.1  22.5  20.6 99.0 99.00
2008 06 02 15 50 224  8.9 10.5  1.62  7.14  4.65 999 1013.5  22.3  22.5  20.2 99.0 99.00
2008 06 02 16 50 232  9.0 10.9  1.57  7.14  4.53 999 1013.1  22.0  22.6  20.0 99.0 99.00
2008 06 02 17 50 231  8.4  9.8  1.65  6.67  4.69 999 1013.1  22.2  22.6  20.3 99.0 99.00
2008 06 02 18 50 234  8.7 10.1  1.67  6.67  4.64 999 1013.3  22.2  22.6  20.7 99.0 99.00
2008 06 02 19 50 236  6.1  7.2  1.55  6.67  4.67 999 1013.0  22.3  22.6  20.9 99.0 99.00
2008 06 02 20 50 260  4.4  5.5  1.50  6.67  4.69 999 1013.1  22.3  22.6  21.0 99.0 99.00
2008 06 02 21 50 268  4.6  5.4  1.51  6.25  4.96 999 1013.4  22.4  22.6  20.3 99.0 99.00
2008 06 02 22 50 304  4.3  5.1  1.44  7.14  5.11 999 1013.6  22.5  22.6  20.1 99.0 99.00
2008 06 02 23 50 341  6.8  8.3  1.33  5.88  4.96 999 1014.2  22.3  22.6  19.3 99.0 99.00
2008 06 03 00 50 354  6.9  8.2  1.34  6.67  4.93 999 1014.8  22.2  22.6  18.5 99.0 99.00
2008 06 03 01 50   4  6.4  7.6  1.43  6.67  4.98 999 1015.8  22.1  22.6  17.7 99.0 99.00
2008 06 03 02 50   8  5.6  6.5  1.40  8.33  4.89 999 1016.3  22.1  22.5  17.1 99.0 99.00
2008 06 03 03 50   1  5.6  6.5  1.53  7.69  5.04 999 1016.1  22.0  22.5  17.0 99.0 99.00
2008 06 03 04 50 352  4.8  6.5  1.65  5.88  5.15 999 1016.4  21.9  22.5  16.0 99.0 99.00
2008 06 03 05 50   2  4.3  5.4  1.57  7.69  5.38 999 1016.0  21.7  22.5  15.3 99.0 99.00
2008 06 03 06 50   1  3.5  4.2  1.59  6.25  5.26 999 1016.1  21.6  22.5  15.0 99.0 99.00
2008 06 03 07 50   4  2.8  4.0  1.60  6.67  5.49 999 1016.0  21.6  22.5  14.4 99.0 99.00
2008 06 03 08 50 355  1.4  2.2  1.46  7.69  5.32 999 1016.1  21.5  22.4  13.3 99.0 99.00
2008 06 03 09 50 338  2.3  3.2  1.37  5.56  5.30 999 1016.6  21.5  22.4  13.5 99.0 99.00
2008 06 03 10 50  29  2.4  3.3  1.29  7.14  5.31 999 1017.0  21.6  22.4  13.7 99.0 99.00
2008 06 03 11 50  63  0.9  1.8  1.16  6.25  5.28 999 1017.5  21.9  22.5  13.9 99.0 99.00
2008 06 03 12 50 123  0.6  1.2  1.35  7.14  5.40 999 1017.9  22.2  22.6  14.3 99.0 99.00
2008 06 03 13 50  94  0.8  1.5  1.27  7.14  5.45 999 1018.2  22.0  22.8  14.0 99.0 99.00
2008 06 03 14 50 248  0.8  1.7  1.16  7.14  5.37 999 1018.9  21.8  23.0  13.9 99.0 99.00
2008 06 03 15 50 288  0.6  1.4  1.20  6.25  5.27 999 1019.1  22.0  23.1  13.9 99.0 99.00
2008 06 03 16 50 305  1.4  2.2  1.15  6.67  5.23 999 1018.7  21.8  23.1  14.5 99.0 99.00
2008 06 03 17 50 306  1.3  2.4  1.18  6.67  5.38 999 1018.3  21.8  23.1  14.5 99.0 99.00
2008 06 03 18 50 225  0.4  0.9  1.14  7.69  5.41 999 1017.7  22.2  23.3  14.7 99.0 99.00
2008 06 03 19 50  56  0.6  1.4  1.00  7.14  5.29 999 1017.1  22.2  23.0  14.9 99.0 99.00
2008 06 03 20 50 152  1.0  1.7  1.01  5.56  5.27 999 1017.2  22.4  23.7  15.0 99.0 99.00
2008 06 03 21 50 165  1.1  2.1  0.94  6.25  5.44 999 1017.4  22.4  23.1  14.8 99.0 99.00
2008 06 03 22 50 181  2.2  3.5  0.89  7.14  5.53 999 1016.9  22.3  24.3  15.0 99.0 99.00
2008 06 03 23 50 151  2.0  3.5  0.89  7.14  5.65 999 1016.9  22.0  24.1  14.5 99.0 99.00
2008 06 04 00 50 169  3.6  4.5  0.80  6.25  5.56 999 1017.1  22.0  23.5  14.2 99.0 99.00
2008 06 04 01 50 176  5.0  6.6  0.81  8.33  5.80 999 1017.3  21.8  23.0  15.1 99.0 99.00
2008 06 04 02 50 192  4.9  5.6  0.74  6.67  5.13 999 1017.8  21.8  23.1  14.8 99.0 99.00
2008 06 04 03 50 190  5.1  6.4  0.76  6.67  5.04 999 1017.5  21.5  22.7  15.0 99.0 99.00
2008 06 04 04 50 193  6.2  7.5  0.80  6.25  4.82 999 1017.1  21.3  22.6  15.4 99.0 99.00
2008 06 04 05 50 193  5.2  6.5  0.74  5.88  4.47 999 1016.4  20.9  22.5  15.4 99.0 99.00
2008 06 04 06 50 184  5.9  7.1  0.79  6.25  4.44 999 1015.9  20.8  22.4  15.6 99.0 99.00
2008 06 04 07 50 181  6.7  7.7  0.73  8.33  3.98 999 1015.8  20.8  22.4  16.0 99.0 99.00
2008 06 04 08 50 186  7.6  9.0  0.75  5.88  3.96 999 1015.8  20.9  22.5  16.3 99.0 99.00
2008 06 04 09 50 197  7.0  8.7  0.79  5.88  3.76 999 1016.3  21.0  22.4  16.6 99.0 99.00
2008 06 04 10 50 212  5.7  7.0  0.85  2.94  3.74 999 1017.3  21.2  22.4  17.3 99.0 99.00
2008 06 04 11 50 210  5.8  6.8  0.79  7.69  3.81 999 1017.4  21.3  22.5  17.6 99.0 99.00
2008 06 04 12 50 203  5.3  6.4  0.74  3.45  3.77 999 1017.2  21.6  22.5  18.5 99.0 99.00
2008 06 04 13 50 201  5.4  6.4  0.75  3.33  3.80 999 1017.5  21.9  22.6  19.1 99.0 99.00
2008 06 04 14 50 186  6.2  7.6  0.78 14.81  3.94 999 1017.2  22.0  22.7  19.8 99.0 99.00
2008 06 04 15 50 194  7.5  8.6  0.75  8.33  3.70 999 1017.0  22.3  22.8  20.3 99.0 99.00
2008 06 04 16 50 196  6.9  8.1  0.78  3.23  3.63 999 1017.1  22.4  22.8  20.9 99.0 99.00
2008 06 04 17 50 196  7.3  8.6  0.87  8.33  3.76 999 1016.7  22.6  22.8  21.2 99.0 99.00
2008 06 04 18 50 202  8.2  9.9  0.84  3.57  3.63 999 1016.4  22.8  22.9  21.4 99.0 99.00
2008 06 04 19 50 202  7.8  8.9  0.96  3.70  3.70 999 1016.0  22.9  22.9  21.4 99.0 99.00
2008 06 04 20 50 200  8.1  9.3  1.00  3.70  3.78 999 1015.9  23.0  22.9  21.7 99.0 99.00
2008 06 04 21 50 194  8.2  9.6  1.05  4.00  3.85 999 1015.6  23.1  22.9  21.9 99.0 99.00
2008 06 04 22 50 197  8.9 10.1  1.11  4.17  3.85 999 1015.7  23.1  22.9  22.0 99.0 99.00
2008 06 04 23 50 196  8.6 10.5  1.19  4.00  3.99 999 1015.9  23.0  22.9  22.0 99.0 99.00
2008 06 05 00 50 200  8.6 10.2  1.25  5.00  4.10 999 1016.0  22.9  22.8  22.1 99.0 99.00
2008 06 05 01 50 203  8.4  9.7  1.24  5.26  4.06 999 1016.4  23.0  22.8  22.1 99.0 99.00
2008 06 05 02 50 197  8.7 10.2  1.24  5.00  4.05 999 1016.7  22.9  22.9  22.0 99.0 99.00
2008 06 05 03 50 211  9.2 11.6  1.34  5.26  4.14 999 1016.9  23.2  22.7  21.8 99.0 99.00
2008 06 05 04 50 205  7.5  9.0  1.39  5.00  4.32 999 1017.3  23.0  22.8  22.0 99.0 99.00
2008 06 05 05 50 210  8.8 10.6  1.33  6.25  4.26 999 1016.7  23.0  22.9  22.1 99.0 99.00
2008 06 05 06 50 201  9.1 10.7  1.53  6.25  4.47 999 1016.3  23.0  22.9  22.0 99.0 99.00
2008 06 05 07 50 206  8.7 10.5  1.56  6.25  4.60 999 1016.2  22.9  22.9  22.0 99.0 99.00
2008 06 05 08 50 209  8.8 10.3  1.66  6.67  4.70 999 1016.5  23.0  22.9  22.0 99.0 99.00
2008 06 05 09 50 208  8.7 10.4  1.86  7.14  4.94 999 1017.1  22.9  22.9  21.9 99.0 99.00
2008 06 05 10 50 201  9.7 12.0  1.76  6.25  4.76 999 1017.2  22.9  22.9  22.0 99.0 99.00
2008 06 05 11 50 206 10.0 12.4  1.96  7.14  5.00 999 1017.2  23.1  22.9  21.9 99.0 99.00
2008 06 05 12 50 208  9.5 11.1  2.05  6.67  5.03 999 1017.9  23.2  22.9  21.8 99.0 99.00
2008 06 05 13 50 212  9.4 10.7  2.19  7.14  5.32 999 1018.0  23.2  23.0  21.8 99.0 99.00
2008 06 05 14 50 210  9.9 11.6  2.14  7.14  4.96 999 1018.3  23.2  23.0  21.8 99.0 99.00
2008 06 05 15 50 213 10.5 12.0  2.20  7.69  5.12 999 1018.2  23.3  22.9  22.0 99.0 99.00
2008 06 05 16 50 222  9.7 11.9  2.16  7.69  5.25 999 1018.6  23.4  22.9  22.2 99.0 99.00
2008 06 05 17 50 221  9.0 10.6  2.38  7.69  5.40 999 1018.4  23.5  22.9  22.4 99.0 99.00
2008 06 05 18 50 222  7.8  9.4  2.25  7.69  5.37 999 1018.4  23.6  22.8  22.6 99.0 99.00
2008 06 05 19 50 228  7.2  8.6  2.15  7.69  5.47 999 1018.3  23.7  22.8  22.8 99.0 99.00
2008 06 05 20 50 226  7.8  9.0  2.50  8.33  5.80 999 1018.2  23.7  22.8  22.8 99.0 99.00
2008 06 05 21 50 231  6.1  7.4  2.43  7.69  5.79 999 1018.5  23.7  22.7  22.8 99.0 99.00
2008 06 05 22 50 233  5.1  6.0  2.34  7.69  5.83 999 1018.9  23.6  22.7  22.8 99.0 99.00
2008 06 05 23 50 237  3.4  4.0  2.17  7.69  5.79 999 1019.2  23.5  22.7  22.7 99.0 99.00
2008 06 06 00 50 237  2.2  2.6  2.05  7.14  5.61 999 1019.4  23.5  22.7  22.7 99.0 99.00
2008 06 06 01 50 316  1.5  1.9  2.12  7.14  5.80 999 1019.9  23.6  22.7  22.9 99.0 99.00
2008 06 06 02 50 297  0.4  0.7  2.07  7.69  5.67 999 1020.1  23.4  22.9  22.7 99.0 99.00
2008 06 06 03 50   5  2.2  2.8  1.99  7.14  5.75 999 1020.0  23.3  22.7  22.6 99.0 99.00
2008 06 06 04 50  42  2.3  3.0  2.05  7.14  5.91 999 1020.0  22.9  22.6  22.0 99.0 99.00
2008 06 06 05 50 170  0.6  1.0  1.74  7.14  5.53 999 1020.3  22.7  22.5  21.8 99.0 99.00
2008 06 06 06 50  99  0.2  0.5  1.59  7.14  5.41 999 1020.1  22.7  22.4  21.8 99.0 99.00
2008 06 06 07 50  36  0.9  1.5  1.62  7.69  5.59 999 1020.1  22.6  22.4  21.7 99.0 99.00
2008 06 06 08 50  45  2.2  3.0  1.52  7.14  5.41 999 1020.4  22.4  22.4  21.5 99.0 99.00
2008 06 06 09 50  35  2.3  2.9  1.54  7.14  5.52 999 1021.1  22.4  22.5  21.3 99.0 99.00
2008 06 06 10 50  60  0.2  0.6  1.45  7.14  5.25 999 1021.8  22.6  22.4  21.3 99.0 99.00
2008 06 06 11 50  58  2.0  2.5  1.51  6.67  5.51 999 1022.3  22.6  22.4  21.2 99.0 99.00
2008 06 06 12 50  39  0.5  1.0  1.37  6.67  5.33 999 1022.5  22.6  22.4  21.1 99.0 99.00
2008 06 06 13 50 126  0.9  1.5  1.27  6.25  5.30 999 1022.7  22.9  22.5  21.3 99.0 99.00
2008 06 06 14 50 146  1.3  1.7  1.28  6.67  5.12 999 1023.0  23.2  23.1  21.2 99.0 99.00
2008 06 06 15 50 172  2.0  2.6  1.14  6.25  5.13 999 1022.9  23.3  23.4  21.0 99.0 99.00
2008 06 06 16 50 166  2.2  2.8  1.18  6.25  5.28 999 1022.8  23.5  23.7  21.1 99.0 99.00
2008 06 06 17 50 170  2.0  2.4  1.12  6.25  5.29 999 1022.5  23.7  23.8  21.2 99.0 99.00
2008 06 06 18 50 148  2.0  2.4  1.08  6.25  5.22 999 1022.2  24.0  24.1  21.4 99.0 99.00
2008 06 06 19 50 169  2.2  2.7  1.18  5.88  5.45 999 1021.9  24.2  24.2  21.6 99.0 99.00
2008 06 06 20 50 188  2.4  2.8  1.07  6.25  5.34 999 1021.3  24.3  24.1  21.8 99.0 99.00
2008 06 06 21 50 161  1.8  2.1  1.18  5.88  5.32 999 1021.0  24.4  23.7  22.1 99.0 99.00
2008 06 06 22 50 179  1.9  2.2  1.36  6.25  5.37 999 1020.9  24.3  23.6  22.4 99.0 99.00
2008 06 06 23 50 164  1.3  1.5  1.26  6.25  5.21 999 1020.9  24.1  23.9  22.6 99.0 99.00
2008 06 07 00 50 174  1.5  1.8  1.22  6.67  5.30 999 1020.7  23.9  23.8  22.8 99.0 99.00
2008 06 07 01 50 116  2.0  2.4  1.07  6.67  5.28 999 1021.1  23.8  23.7  22.9 99.0 99.00
2008 06 07 02 50 135  2.7  3.4  1.18  6.25  5.45 999 1021.2  24.0  23.7  22.9 99.0 99.00
2008 06 07 03 50 123  3.0  3.6  1.09  6.25  5.31 999 1021.1  23.9  23.6  22.8 99.0 99.00
2008 06 07 04 50 152  2.3  2.8  1.16  6.25  5.48 999 1020.7  23.9  23.7  22.9 99.0 99.00
2008 06 07 05 50 179  1.7  2.3  1.10  6.25  5.39 999 1020.7  23.9  23.7  22.9 99.0 99.00
2008 06 07 06 50 173  1.4  1.7  1.11  5.88  5.46 999 1020.7  23.9  23.7  23.0 99.0 99.00
2008 06 07 07 50 149  2.3  2.7  1.02  6.25  5.46 999 1020.6  23.9  23.7  23.1 99.0 99.00
2008 06 07 08 50 169  1.8  2.0  1.06  6.25  5.40 999 1020.8  23.9  23.9  23.2 99.0 99.00
2008 06 07 09 50 169  3.5  4.2  1.02  6.25  5.39 999 1021.0  23.8  23.9  23.1 99.0 99.00
2008 06 07 10 50 173  4.0  4.6  0.98  5.88  5.27 999 1021.2  23.8  23.9  23.1 99.0 99.00
2008 06 07 11 50 180  4.3  5.1  1.02  6.25  5.38 999 1021.4  23.6  23.9  23.2 99.0 99.00
2008 06 07 12 50 184  4.4  5.3  0.96  5.26  5.39 999 1021.5  23.6  23.9  23.2 99.0 99.00
2008 06 07 13 50 191  3.6  4.2  0.96  5.26  5.16 999 1021.4  23.6  24.0  23.4 99.0 99.00
2008 06 07 14 50 188  3.2  3.8  0.89  6.67  5.22 999 1021.2  23.6  24.2  23.4 99.0 99.00
2008 06 07 15 50 170  3.5  4.1  0.86  6.25  5.22 999 1021.0  23.6  24.4  23.5 99.0 99.00
2008 06 07 16 50 181  4.0  4.7  0.87  5.88  5.24 999 1020.6  23.8  24.5  23.6 99.0 99.00
2008 06 07 17 50 183  3.5  3.9  0.89  5.88  5.46 999 1020.3  24.1  24.7  24.0 99.0 99.00
2008 06 07 18 50 197  3.1  3.6  0.91 14.81  5.43 999 1019.9  24.5  24.7  24.3 99.0 99.00
2008 06 07 19 50 196  3.0  3.3  0.86 14.81  5.46 999 1019.6  25.0  24.9  24.7 99.0 99.00
2008 06 07 20 50 203  2.4  2.7  0.89 14.81  5.55 999 1019.3  25.4  25.1  24.9 99.0 99.00
2008 06 07 21 50 205  2.1  2.4  0.86 13.79  5.63 999 1018.8  25.6  25.2  24.8 99.0 99.00
2008 06 07 22 50 205  2.2  2.5  0.99 14.81  5.87 999 1018.7  25.4  24.9  24.6 99.0 99.00
2008 06 07 23 50 201  2.5  2.8  0.82 13.79  5.69 999 1018.7  25.2  24.6  24.4 99.0 99.00
2008 06 08 00 50 189  2.6  3.0  1.01  9.09  5.97 999 1018.9  25.0  24.7  24.3 99.0 99.00
2008 06 08 01 50 187  2.7  3.0  0.96  8.33  5.83 999 1019.1  24.9  24.7  24.3 99.0 99.00
2008 06 08 02 50 179  2.9  3.4  0.93  8.33  6.03 999 1018.9  24.9  24.6  24.3 99.0 99.00
2008 06 08 03 50 181  3.0  3.4  0.99 13.79  6.12 999 1018.7  24.7  24.7  24.3 99.0 99.00
2008 06 08 04 50 200  2.9  3.6  1.05  9.09  6.09 999 1018.5  24.7  24.5  24.2 99.0 99.00
2008 06 08 05 50 202  3.1  3.7  1.05  8.33  6.31 999 1018.3  24.7  24.4  24.2 99.0 99.00
2008 06 08 06 50 205  3.4  4.0  1.13  8.33  6.37 999 1018.0  24.7  24.4  24.3 99.0 99.00
2008 06 08 07 50 209  2.8  3.1  1.02  9.09  6.09 999 1017.7  24.4  24.4  24.1 99.0 99.00
2008 06 08 08 50 202  2.8  3.2  1.02  8.33  6.07 999 1018.0  24.3  24.4  24.0 99.0 99.00
2008 06 08 09 50 210  3.3  3.8  0.94  7.69  5.87 999 1018.5  24.1  24.2  23.8 99.0 99.00
2008 06 08 10 50 201  3.0  3.4  1.01  7.69  6.26 999 1018.7  24.1  24.1  23.8 99.0 99.00
2008 06 08 11 50 199  3.6  4.3  0.89  9.09  6.18 999 1018.9  24.1  24.2  23.9 99.0 99.00
2008 06 08 12 50 189  4.7  5.5  0.86  7.69  5.83 999 1018.8  24.3  24.4  24.2 99.0 99.00
2008 06 08 13 50 197  4.9  5.9  0.95  8.33  6.00 999 1018.7  24.2  24.4  24.2 99.0 99.00
2008 06 08 14 50 200  5.7  6.7  0.82  8.33  5.22 999 1018.6  24.3  24.5  24.3 99.0 99.00
2008 06 08 15 50 195  6.5  7.4  0.87  8.33  4.98 999 1018.2  24.3  24.6  24.3 99.0 99.00
