YY MM DD hh WD   WSPD GST  WVHT  DPD   APD  MWD  BAR    ATMP  WTMP  DEWP  VIS
82 01 01 00 235 09.9 11.8 99.00 99.00 99.00 999 1012.0  19.6  20.1 999.0 99.0
82 01 01 01 218 08.5 10.4 99.00 99.00 99.00 999 1010.7  19.3  20.1 999.0 99.0
82 01 01 02 240 08.2 11.1 99.00 99.00 99.00 999 1011.0  19.7  20.1 999.0 99.0
82 01 01 03 252 09.7 12.0 99.00 99.00 99.00 999 1012.0  19.1  20.1 999.0 99.0
82 01 01 04 258 08.5 10.4 99.00 99.00 99.00 999 1012.2  18.7  20.1 999.0 99.0
82 01 01 05 279 08.4 10.3 99.00 99.00 99.00 999 1011.6  17.9  20.1 999.0 99.0
82 01 01 06 273 09.1 11.0 99.00 99.00 99.00 999 1012.1  17.9  20.0 999.0 99.0
82 01 01 07 288 07.0 08.8 99.00 99.00 99.00 999 1012.6  16.5  20.0 999.0 99.0
82 01 01 08 300 06.7 08.6 99.00 99.00 99.00 999 1013.0  15.5  20.1 999.0 99.0
82 01 01 09 296 06.7 08.1 99.00 99.00 99.00 999 1013.6  15.0  20.1 999.0 99.0
82 01 01 10 305 06.9 09.2 99.00 99.00 99.00 999 1014.0  14.7  20.2 999.0 99.0
82 01 01 11 304 05.1 06.4 99.00 99.00 99.00 999 1014.9  14.2  20.1 999.0 99.0
82 01 01 12 313 04.7 06.7 99.00 99.00 99.00 999 1015.4  13.8  20.1 999.0 99.0
82 01 01 13 323 05.6 07.5 99.00 99.00 99.00 999 1015.8  13.8  20.1 999.0 99.0
82 01 01 14 307 04.9 07.0 99.00 99.00 99.00 999 1016.7  13.5  20.0 999.0 99.0
82 01 01 15 292 05.3 07.3 99.00 99.00 99.00 999 1017.1  13.7  20.0 999.0 99.0
82 01 01 16 281 05.8 07.7 99.00 99.00 99.00 999 1017.5  13.4  20.0 999.0 99.0
82 01 01 17 285 04.5 06.5 99.00 99.00 99.00 999 1017.1  13.5  20.0 999.0 99.0
82 01 01 18 292 05.2 07.3 99.00 99.00 99.00 999 1016.5  13.8  20.0 999.0 99.0
82 01 01 19 280 04.2 05.9 99.00 99.00 99.00 999 1016.0  13.8  20.0 999.0 99.0
82 01 01 20 279 04.2 06.5 99.00 99.00 99.00 999 1016.0  13.5  20.0 999.0 99.0
82 01 01 21 273 04.3 05.8 99.00 99.00 99.00 999 1016.2  13.8  20.0 999.0 99.0
82 01 01 22 281 03.9 05.0 99.00 99.00 99.00 999 1016.6  14.0  20.0 999.0 99.0
82 01 01 23 275 04.2 05.3 99.00 99.00 99.00 999 1017.4  14.1  20.0 999.0 99.0
82 01 02 00 279 05.0 06.1 99.00 99.00 99.00 999 1018.1  14.5  19.9 999.0 99.0
82 01 02 01 282 04.6 05.6 99.00 99.00 99.00 999 1018.4  15.0  19.9 999.0 99.0
82 01 02 02 297 04.2 05.4 99.00 99.00 99.00 999 1018.9  15.3  19.8 999.0 99.0
82 01 02 03 306 04.2 05.2 99.00 99.00 99.00 999 1019.4  15.7  19.8 999.0 99.0
82 01 02 04 334 04.6 06.0 99.00 99.00 99.00 999 1019.9  16.0  19.8 999.0 99.0
82 01 02 05 353 04.1 05.7 99.00 99.00 99.00 999 1019.6  16.0  19.8 999.0 99.0
82 01 02 06 358 04.0 05.4 99.00 99.00 99.00 999 1020.0  16.1  19.8 999.0 99.0
82 01 02 07 014 05.8 07.5 99.00 99.00 99.00 999 1020.3  15.8  19.8 999.0 99.0
82 01 02 08 020 05.1 06.6 99.00 99.00 99.00 999 1020.6  15.8  19.8 999.0 99.0
82 01 02 09 033 05.1 06.5 99.00 99.00 99.00 999 1020.6  15.9  19.8 999.0 99.0
82 01 02 10 029 04.0 05.3 99.00 99.00 99.00 999 1020.9  16.0  19.7 999.0 99.0
82 01 02 11 040 04.2 05.4 99.00 99.00 99.00 999 1021.3  16.1  19.7 999.0 99.0
82 01 02 12 038 03.8 05.5 99.00 99.00 99.00 999 1022.1  16.4  19.7 999.0 99.0
82 01 02 13 045 04.1 05.4 99.00 99.00 99.00 999 1022.7  16.8  19.8 999.0 99.0
82 01 02 14 043 04.1 05.4 99.00 99.00 99.00 999 1023.4  17.3  19.8 999.0 99.0
82 01 02 15 050 04.4 05.8 99.00 99.00 99.00 999 1024.0  17.5  19.9 999.0 99.0
82 01 02 16 054 04.8 05.7 99.00 99.00 99.00 999 1024.2  17.9  19.9 999.0 99.0
82 01 02 17 065 05.4 06.4 99.00 99.00 99.00 999 1023.6  18.1  19.9 999.0 99.0
82 01 02 18 062 06.0 07.4 99.00 99.00 99.00 999 1022.9  18.4  19.9 999.0 99.0
82 01 02 19 056 05.9 07.3 99.00 99.00 99.00 999 1022.6  18.5  19.9 999.0 99.0
82 01 02 20 057 05.8 06.9 99.00 99.00 99.00 999 1022.6  18.6  19.9 999.0 99.0
82 01 02 21 048 05.4 07.1 99.00 99.00 99.00 999 1022.9  18.8  19.9 999.0 99.0
82 01 02 22 051 06.7 08.0 99.00 99.00 99.00 999 1023.0  19.0  19.9 999.0 99.0
82 01 02 23 049 07.6 09.3 99.00 99.00 99.00 999 1022.9  18.9  19.8 999.0 99.0
82 01 03 00 059 08.4 10.0 99.00 99.00 99.00 999 1023.3  19.0  19.9 999.0 99.0
82 01 03 01 058 08.3 10.2 99.00 99.00 99.00 999 1023.4  19.0  19.9 999.0 99.0
82 01 03 02 060 08.7 10.2 99.00 99.00 99.00 999 1023.1  19.0  19.9 999.0 99.0
82 01 03 03 070 05.8 07.3 99.00 99.00 99.00 999 1022.9  19.6  19.9 999.0 99.0
82 01 03 04 138 06.7 08.2 99.00 99.00 99.00 999 1022.3  21.2  19.9 999.0 99.0
82 01 03 05 137 08.1 09.7 99.00 99.00 99.00 999 1021.4  21.4  19.9 999.0 99.0
82 01 03 06 141 08.2 09.8 99.00 99.00 99.00 999 1020.5  21.5  20.3 999.0 99.0
82 01 03 07 144 07.7 09.1 99.00 99.00 99.00 999 1020.3  21.6  20.3 999.0 99.0
82 01 03 08 142 07.6 09.7 99.00 99.00 99.00 999 1020.0  21.7  20.2 999.0 99.0
82 01 03 09 147 06.8 08.2 99.00 99.00 99.00 999 1019.7  21.7  20.2 999.0 99.0
82 01 03 10 163 06.9 08.4 99.00 99.00 99.00 999 1019.9  21.7  20.2 999.0 99.0
82 01 03 11 170 06.2 07.4 99.00 99.00 99.00 999 1020.3  21.7  20.2 999.0 99.0
82 01 03 12 167 07.1 08.1 99.00 99.00 99.00 999 1020.5  21.8  20.2 999.0 99.0
82 01 03 13 169 08.5 09.9 99.00 99.00 99.00 999 1020.1  22.0  20.2 999.0 99.0
82 01 03 14 170 08.6 10.3 99.00 99.00 99.00 999 1020.7  22.2  20.2 999.0 99.0
82 01 03 15 178 07.7 09.2 99.00 99.00 99.00 999 1021.2  22.2  20.3 999.0 99.0
82 01 03 16 176 06.8 08.7 99.00 99.00 99.00 999 1021.1  22.2  20.3 999.0 99.0
82 01 03 17 180 07.4 08.9 99.00 99.00 99.00 999 1020.2  22.0  20.3 999.0 99.0
82 01 03 18 194 07.6 08.9 99.00 99.00 99.00 999 1019.4  21.8  20.3 999.0 99.0
82 01 03 19 192 05.3 06.1 99.00 99.00 99.00 999 1018.8  21.8  20.3 999.0 99.0
82 01 03 20 189 06.3 07.5 99.00 99.00 99.00 999 1018.9  20.6  20.3 999.0 99.0
82 01 03 21 186 05.8 07.6 99.00 99.00 99.00 999 1019.1  21.0  20.3 999.0 99.0
82 01 03 22 175 09.4 12.0 99.00 99.00 99.00 999 1018.8  20.9  20.2 999.0 99.0
82 01 03 23 169 07.1 08.7 99.00 99.00 99.00 999 1018.7  21.4  20.2 999.0 99.0
82 01 04 00 149 04.8 05.6 99.00 99.00 99.00 999 1018.9  20.8  20.2 999.0 99.0
82 01 04 01 151 04.4 05.8 99.00 99.00 99.00 999 1019.2  21.1  20.2 999.0 99.0
82 01 04 02 193 04.7 05.8 99.00 99.00 99.00 999 1018.9  21.2  20.2 999.0 99.0
82 01 04 03 185 04.7 05.8 99.00 99.00 99.00 999 1018.7  21.8  20.2 999.0 99.0
82 01 04 04 181 06.0 06.9 99.00 99.00 99.00 999 1018.1  21.9  20.3 999.0 99.0
82 01 04 05 187 05.9 06.8 99.00 99.00 99.00 999 1017.5  21.8  20.3 999.0 99.0
82 01 04 06 187 07.1 08.4 99.00 99.00 99.00 999 1017.1  22.0  20.4 999.0 99.0
82 01 04 07 196 06.3 07.8 99.00 99.00 99.00 999 1017.7  22.0  20.4 999.0 99.0
82 01 04 08 199 06.4 08.1 99.00 99.00 99.00 999 1017.5  21.8  20.5 999.0 99.0
82 01 04 09 196 07.8 09.2 99.00 99.00 99.00 999 1015.6  21.9  20.4 999.0 99.0
82 01 04 10 196 08.5 10.0 99.00 99.00 99.00 999 1015.1  21.9  20.4 999.0 99.0
82 01 04 11 207 09.9 13.0 99.00 99.00 99.00 999 1015.2  21.6  20.3 999.0 99.0
82 01 04 12 207 09.9 12.2 99.00 99.00 99.00 999 1015.2  21.3  20.3 999.0 99.0
82 01 04 13 207 11.1 13.6 99.00 99.00 99.00 999 1015.1  21.4  20.2 999.0 99.0
82 01 04 14 204 11.2 13.5 99.00 99.00 99.00 999 1015.8  21.4  20.2 999.0 99.0
82 01 04 15 207 11.4 14.0 99.00 99.00 99.00 999 1015.8  21.4  20.2 999.0 99.0
82 01 04 16 211 10.8 13.8 99.00 99.00 99.00 999 1016.0  21.3  20.2 999.0 99.0
82 01 04 17 211 11.5 13.6 99.00 99.00 99.00 999 1014.8  21.2  20.2 999.0 99.0
82 01 04 18 216 10.3 13.1 99.00 99.00 99.00 999 1014.0  21.3  20.3 999.0 99.0
82 01 04 19 220 11.0 13.3 99.00 99.00 99.00 999 1013.2  21.1  20.3 999.0 99.0
82 01 04 20 240 07.3 08.7 99.00 99.00 99.00 999 1012.8  19.9  20.2 999.0 99.0
82 01 04 21 256 10.4 12.5 99.00 99.00 99.00 999 1013.6  19.0  20.2 999.0 99.0
82 01 04 22 265 10.6 12.3 99.00 99.00 99.00 999 1014.0  18.4  20.1 999.0 99.0
82 01 04 23 263 10.7 12.8 99.00 99.00 99.00 999 1014.8  17.9  20.0 999.0 99.0
82 01 05 00 282 13.2 15.7 99.00 99.00 99.00 999 1016.0  17.6  20.0 999.0 99.0
82 01 05 01 285 12.2 15.6 99.00 99.00 99.00 999 1017.3  17.4  19.9 999.0 99.0
82 01 05 02 293 12.5 15.7 99.00 99.00 99.00 999 1018.2  17.1  19.8 999.0 99.0
82 01 05 03 292 11.2 13.9 99.00 99.00 99.00 999 1019.4  16.4  19.8 999.0 99.0
82 01 05 04 297 10.8 13.9 99.00 99.00 99.00 999 1020.0  16.0  19.7 999.0 99.0
82 01 05 05 302 10.8 13.6 99.00 99.00 99.00 999 1020.5  15.4  19.7 999.0 99.0
82 01 05 06 307 11.2 14.1 99.00 99.00 99.00 999 1020.6  15.0  19.6 999.0 99.0
82 01 05 07 309 09.7 12.4 99.00 99.00 99.00 999 1020.8  14.3  19.6 999.0 99.0
82 01 05 08 310 09.5 11.6 99.00 99.00 99.00 999 1021.8  13.7  19.5 999.0 99.0
82 01 05 09 309 09.8 12.5 99.00 99.00 99.00 999 1022.0  13.0  19.5 999.0 99.0
82 01 05 10 309 09.6 11.8 99.00 99.00 99.00 999 1022.5  12.4  19.4 999.0 99.0
82 01 05 11 319 09.3 11.3 99.00 99.00 99.00 999 1023.3  12.0  19.4 999.0 99.0
82 01 05 12 334 08.1 10.2 99.00 99.00 99.00 999 1023.5  11.5  19.3 999.0 99.0
82 01 05 13 334 07.8 10.4 99.00 99.00 99.00 999 1024.4  11.4  19.3 999.0 99.0
82 01 05 14 346 08.3 10.6 99.00 99.00 99.00 999 1025.6  11.6  19.3 999.0 99.0
82 01 05 15 351 08.9 11.0 99.00 99.00 99.00 999 1026.3  11.2  19.2 999.0 99.0
82 01 05 16 006 07.1 09.5 99.00 99.00 99.00 999 1026.5  10.9  19.3 999.0 99.0
82 01 05 17 017 05.4 06.9 99.00 99.00 99.00 999 1025.7  11.2  19.4 999.0 99.0
82 01 05 18 025 05.9 08.0 99.00 99.00 99.00 999 1024.5  12.0  20.3 999.0 99.0
82 01 05 19 030 05.6 07.7 99.00 99.00 99.00 999 1023.9  13.1  20.3 999.0 99.0
82 01 05 20 038 06.1 07.5 99.00 99.00 99.00 999 1023.8  13.7  20.3 999.0 99.0
82 01 05 21 043 05.4 07.3 99.00 99.00 99.00 999 1023.9  14.0  20.1 999.0 99.0
82 01 05 22 061 05.7 07.5 99.00 99.00 99.00 999 1023.9  14.2  20.0 999.0 99.0
82 01 05 23 074 06.1 08.5 99.00 99.00 99.00 999 1023.6  14.1  19.8 999.0 99.0
82 01 06 00 093 04.4 06.1 99.00 99.00 99.00 999 1024.3  14.1  19.7 999.0 99.0
82 01 06 01 101 04.7 06.1 99.00 99.00 99.00 999 1024.3  14.4  19.6 999.0 99.0
82 01 06 02 097 04.0 06.3 99.00 99.00 99.00 999 1024.8  14.8  19.5 999.0 99.0
82 01 06 03 109 03.9 06.3 99.00 99.00 99.00 999 1024.6  15.3  19.5 999.0 99.0
82 01 06 04 147 03.9 05.4 99.00 99.00 99.00 999 1024.2  15.7  19.5 999.0 99.0
82 01 06 05 149 04.1 06.2 99.00 99.00 99.00 999 1023.6  16.1  19.5 999.0 99.0
82 01 06 06 155 04.2 05.5 99.00 99.00 99.00 999 1022.8  16.5  19.8 999.0 99.0
82 01 06 07 154 04.2 05.5 99.00 99.00 99.00 999 1022.5  16.8  19.8 999.0 99.0
82 01 06 08 171 04.2 05.8 99.00 99.00 99.00 999 1022.1  17.1  19.7 999.0 99.0
82 01 06 09 165 03.8 04.9 99.00 99.00 99.00 999 1022.0  17.2  19.5 999.0 99.0
82 01 06 10 170 04.2 04.9 99.00 99.00 99.00 999 1021.8  17.5  19.5 999.0 99.0
82 01 06 11 171 04.5 06.0 99.00 99.00 99.00 999 1021.8  17.7  19.3 999.0 99.0
82 01 06 12 192 04.7 05.8 99.00 99.00 99.00 999 1022.1  18.0  19.2 999.0 99.0
82 01 06 13 199 04.5 06.1 99.00 99.00 99.00 999 1022.6  18.4  19.2 999.0 99.0
82 01 06 14 183 05.4 06.3 99.00 99.00 99.00 999 1022.7  19.2  19.2 999.0 99.0
82 01 06 15 183 04.4 05.4 99.00 99.00 99.00 999 1023.5  19.6  19.3 999.0 99.0
82 01 06 16 180 04.3 05.6 99.00 99.00 99.00 999 1023.5  19.8  19.3 999.0 99.0
82 01 06 17 197 04.4 05.2 99.00 99.00 99.00 999 1022.4  19.9  19.3 999.0 99.0
82 01 06 18 210 03.2 04.2 99.00 99.00 99.00 999 1021.3  20.1  19.3 999.0 99.0
82 01 06 19 248 04.2 05.4 99.00 99.00 99.00 999 1020.6  19.7  19.3 999.0 99.0
82 01 06 20 263 04.0 04.7 99.00 99.00 99.00 999 1020.1  19.1  19.4 999.0 99.0
82 01 06 21 225 04.4 05.5 99.00 99.00 99.00 999 1019.7  19.1  19.3 999.0 99.0
82 01 06 22 224 04.9 05.8 99.00 99.00 99.00 999 1019.7  19.1  19.5 999.0 99.0
82 01 06 23 216 05.9 06.9 99.00 99.00 99.00 999 1019.5  19.0  19.4 999.0 99.0
82 01 07 00 225 05.5 06.5 99.00 99.00 99.00 999 1020.1  19.0  19.2 999.0 99.0
82 01 07 01 227 05.7 06.7 99.00 99.00 99.00 999 1020.4  19.1  19.2 999.0 99.0
82 01 07 02 216 04.9 06.0 99.00 99.00 99.00 999 1020.6  19.3  19.1 999.0 99.0
82 01 07 03 214 05.4 06.4 99.00 99.00 99.00 999 1020.8  19.4  19.1 999.0 99.0
82 01 07 04 213 05.6 06.6 99.00 99.00 99.00 999 1020.7  19.7  19.1 999.0 99.0
82 01 07 05 204 06.7 07.9 99.00 99.00 99.00 999 1020.0  19.9  19.1 999.0 99.0
82 01 07 06 210 07.3 08.2 99.00 99.00 99.00 999 1019.7  20.0  19.1 999.0 99.0
82 01 07 07 213 07.1 08.5 99.00 99.00 99.00 999 1019.5  20.0  19.2 999.0 99.0
82 01 07 08 222 07.2 08.9 99.00 99.00 99.00 999 1019.6  19.9  19.3 999.0 99.0
82 01 07 09 233 07.0 08.2 99.00 99.00 99.00 999 1019.6  19.5  19.3 999.0 99.0
82 01 07 10 230 07.1 08.8 99.00 99.00 99.00 999 1019.4  19.2  19.3 999.0 99.0
82 01 07 11 229 06.5 07.6 99.00 99.00 99.00 999 1019.5  19.2  19.3 999.0 99.0
82 01 07 12 233 06.1 07.6 99.00 99.00 99.00 999 1020.1  19.2  19.3 999.0 99.0
82 01 07 13 229 05.8 07.1 99.00 99.00 99.00 999 1020.4  19.2  19.3 999.0 99.0
82 01 07 14 228 06.0 07.1 99.00 99.00 99.00 999 1020.8  19.6  19.2 999.0 99.0
82 01 07 15 234 05.7 07.1 99.00 99.00 99.00 999 1021.5  19.5  19.1 999.0 99.0
82 01 07 16 240 05.2 06.3 99.00 99.00 99.00 999 1021.6  19.4  19.0 999.0 99.0
82 01 07 17 239 06.1 07.4 99.00 99.00 99.00 999 1021.0  19.0  19.1 999.0 99.0
82 01 07 18 235 05.7 06.6 99.00 99.00 99.00 999 1019.9  18.9  19.3 999.0 99.0
82 01 07 20 223 06.0 07.3 99.00 99.00 99.00 999 1018.4  19.3  19.3 999.0 99.0
82 01 07 21 216 05.1 06.0 99.00 99.00 99.00 999 1018.1  19.6  19.3 999.0 99.0
82 01 07 22 230 04.7 05.8 99.00 99.00 99.00 999 1018.5  19.6  19.1 999.0 99.0
82 01 07 23 236 04.3 05.3 99.00 99.00 99.00 999 1018.8  19.4  19.0 999.0 99.0
82 01 08 00 228 04.7 05.6 99.00 99.00 99.00 999 1019.0  19.5  18.9 999.0 99.0
82 01 08 01 225 06.5 07.4 99.00 99.00 99.00 999 1019.1  19.9  18.9 999.0 99.0
82 01 08 02 234 06.7 08.0 99.00 99.00 99.00 999 1019.4  19.6  18.9 999.0 99.0
82 01 08 03 230 05.4 06.4 99.00 99.00 99.00 999 1019.0  19.6  18.9 999.0 99.0
82 01 08 04 247 06.6 08.0 99.00 99.00 99.00 999 1018.8  19.5  18.8 999.0 99.0
82 01 08 05 243 04.7 06.1 99.00 99.00 99.00 999 1017.9  18.7  18.8 999.0 99.0
82 01 08 06 231 06.7 08.6 99.00 99.00 99.00 999 1017.3  18.6  18.8 999.0 99.0
82 01 08 07 262 06.0 07.6 99.00 99.00 99.00 999 1017.6  18.7  18.9 999.0 99.0
82 01 08 08 259 06.9 09.1 99.00 99.00 99.00 999 1017.2  18.5  18.9 999.0 99.0
82 01 08 09 272 07.4 09.3 99.00 99.00 99.00 999 1017.5  18.7  21.2 999.0 99.0
82 01 08 10 292 09.0 11.0 99.00 99.00 99.00 999 1017.7  18.5  21.1 999.0 99.0
82 01 08 11 308 09.3 11.0 99.00 99.00 99.00 999 1018.2  18.0  21.2 999.0 99.0
82 01 08 12 335 08.4 11.0 99.00 99.00 99.00 999 1018.7  18.1  20.9 999.0 99.0
82 01 08 13 023 12.2 15.3 99.00 99.00 99.00 999 1020.1  15.6  20.8 999.0 99.0
82 01 08 14 025 12.4 15.5 99.00 99.00 99.00 999 1021.7  14.0  20.7 999.0 99.0
82 01 08 15 024 13.0 16.9 99.00 99.00 99.00 999 1023.5  13.5  19.7 999.0 99.0
82 01 08 16 029 11.9 14.6 99.00 99.00 99.00 999 1023.9  12.9  19.2 999.0 99.0
82 01 08 17 034 11.2 14.1 99.00 99.00 99.00 999 1022.7  12.8  19.0 999.0 99.0
82 01 08 18 045 11.1 14.1 99.00 99.00 99.00 999 1021.8  12.6  19.0 999.0 99.0
82 01 08 19 051 10.2 13.4 99.00 99.00 99.00 999 1021.2  12.5  19.0 999.0 99.0
82 01 08 20 054 09.8 12.4 99.00 99.00 99.00 999 1021.0  12.9  20.1 999.0 99.0
82 01 08 21 052 09.5 13.0 99.00 99.00 99.00 999 1021.0  13.4  20.7 999.0 99.0
82 01 08 22 058 09.5 12.0 99.00 99.00 99.00 999 1020.8  14.0  21.0 999.0 99.0
82 01 08 23 055 08.7 11.9 99.00 99.00 99.00 999 1020.8  13.9  21.0 999.0 99.0
82 01 09 00 053 08.0 10.3 99.00 99.00 99.00 999 1020.9  14.4  21.0 999.0 99.0
82 01 09 01 055 07.4 09.8 99.00 99.00 99.00 999 1020.4  14.8  20.9 999.0 99.0
82 01 09 02 057 06.6 08.7 99.00 99.00 99.00 999 1020.1  15.1  20.9 999.0 99.0
82 01 09 03 047 06.6 08.7 99.00 99.00 99.00 999 1019.8  15.3  20.8 999.0 99.0
82 01 09 04 032 08.0 10.3 99.00 99.00 99.00 999 1019.2  15.3  20.8 999.0 99.0
82 01 09 05 034 08.6 10.7 99.00 99.00 99.00 999 1018.2  14.8  20.7 999.0 99.0
82 01 09 06 036 08.3 10.3 99.00 99.00 99.00 999 1017.0  14.6  20.7 999.0 99.0
82 01 09 07 040 07.8 09.5 99.00 99.00 99.00 999 1015.8  14.7  20.6 999.0 99.0
82 01 09 08 019 07.2 09.1 99.00 99.00 99.00 999 1015.0  14.8  20.7 999.0 99.0
82 01 09 09 018 08.2 10.4 99.00 99.00 99.00 999 1014.3  14.4  20.9 999.0 99.0
82 01 09 10 023 06.4 08.0 99.00 99.00 99.00 999 1013.6  14.2  20.9 999.0 99.0
82 01 09 11 355 09.4 11.6 99.00 99.00 99.00 999 1014.1  13.7  20.7 999.0 99.0
82 01 09 12 002 08.0 09.9 99.00 99.00 99.00 999 1014.5  12.5  20.6 999.0 99.0
82 01 09 13 352 05.7 07.1 99.00 99.00 99.00 999 1014.2  12.1  20.5 999.0 99.0
82 01 09 14 332 03.9 05.8 99.00 99.00 99.00 999 1014.3  12.6  20.6 999.0 99.0
82 01 09 15 298 06.2 08.7 99.00 99.00 99.00 999 1014.8  13.0  20.7 999.0 99.0
82 01 09 16 290 08.0 10.5 99.00 99.00 99.00 999 1014.1  13.0  20.6 999.0 99.0
82 01 09 17 281 08.9 11.0 99.00 99.00 99.00 999 1012.4  12.8  20.4 999.0 99.0
82 01 09 18 276 10.1 12.4 99.00 99.00 99.00 999 1011.4  12.2  20.2 999.0 99.0
82 01 09 19 278 10.3 13.1 99.00 99.00 99.00 999 1009.8  12.4  20.1 999.0 99.0
82 01 09 20 273 10.5 13.1 99.00 99.00 99.00 999 1009.2  12.7  20.1 999.0 99.0
82 01 09 21 273 11.1 13.8 99.00 99.00 99.00 999 1008.6  13.6  20.1 999.0 99.0
82 01 09 22 270 11.0 13.6 99.00 99.00 99.00 999 1008.7  14.0  20.0 999.0 99.0
82 01 09 23 273 12.3 14.6 99.00 99.00 99.00 999 1009.5  13.9  20.1 999.0 99.0
82 01 10 00 279 12.0 15.1 99.00 99.00 99.00 999 1009.7  14.0  20.1 999.0 99.0
82 01 10 01 284 12.7 15.4 99.00 99.00 99.00 999 1010.4  13.4  20.0 999.0 99.0
82 01 10 02 289 12.5 16.7 99.00 99.00 99.00 999 1011.2  12.9  19.8 999.0 99.0
82 01 10 03 287 12.7 15.9 99.00 99.00 99.00 999 1011.6  12.4  19.3 999.0 99.0
82 01 10 04 290 12.3 16.8 99.00 99.00 99.00 999 1012.0  12.0  18.7 999.0 99.0
82 01 10 05 289 11.8 15.5 99.00 99.00 99.00 999 1012.3  10.9  18.6 999.0 99.0
82 01 10 06 295 12.2 15.9 99.00 99.00 99.00 999 1012.7  10.4  18.6 999.0 99.0
82 01 10 07 291 10.3 13.3 99.00 99.00 99.00 999 1012.8  09.5  18.5 999.0 99.0
82 01 10 08 289 10.7 13.6 99.00 99.00 99.00 999 1013.2  09.7  18.5 999.0 99.0
82 01 10 09 287 10.3 13.0 99.00 99.00 99.00 999 1013.2  09.0  18.5 999.0 99.0
82 01 10 10 274 11.9 15.2 99.00 99.00 99.00 999 1013.4  08.9  18.6 999.0 99.0
82 01 10 11 278 13.1 16.4 99.00 99.00 99.00 999 1013.9  08.4  18.8 999.0 99.0
82 01 10 12 283 13.5 16.5 99.00 99.00 99.00 999 1014.6  07.8  19.0 999.0 99.0
82 01 10 13 286 12.8 16.3 99.00 99.00 99.00 999 1015.3  07.6  19.2 999.0 99.0
82 01 10 14 287 12.4 15.7 99.00 99.00 99.00 999 1016.2  07.0  19.3 999.0 99.0
82 01 10 15 293 12.4 15.6 99.00 99.00 99.00 999 1016.9  06.6  19.1 999.0 99.0
82 01 10 16 292 11.6 13.9 99.00 99.00 99.00 999 1017.1  06.2  18.8 999.0 99.0
82 01 10 17 296 11.7 15.0 99.00 99.00 99.00 999 1016.6  05.6  18.8 999.0 99.0
82 01 10 18 290 11.3 14.4 99.00 99.00 99.00 999 1016.5  05.5  18.7 999.0 99.0
82 01 10 19 298 10.8 13.3 99.00 99.00 99.00 999 1016.3  05.8  18.7 999.0 99.0
82 01 10 20 299 09.5 12.7 99.00 99.00 99.00 999 1017.1  05.6  18.7 999.0 99.0
82 01 10 21 298 10.3 13.4 99.00 99.00 99.00 999 1017.8  05.6  18.7 999.0 99.0
82 01 10 22 305 09.3 13.0 99.00 99.00 99.00 999 1018.8  05.1  18.7 999.0 99.0
82 01 11 00 315 09.1 13.2 99.00 99.00 99.00 999 1020.2  04.4  18.9 999.0 99.0
82 01 11 01 306 09.2 12.7 99.00 99.00 99.00 999 1021.2  03.7  19.0 999.0 99.0
82 01 11 02 308 07.5 11.4 99.00 99.00 99.00 999 1021.6  03.3  18.9 999.0 99.0
82 01 11 03 312 06.7 09.5 99.00 99.00 99.00 999 1022.0  02.6  18.8 999.0 99.0
82 01 11 04 301 06.7 10.0 99.00 99.00 99.00 999 1022.0  02.3  18.6 999.0 99.0
82 01 11 05 311 07.4 11.1 99.00 99.00 99.00 999 1022.2  01.7  18.6 999.0 99.0
82 01 11 06 315 07.2 10.4 99.00 99.00 99.00 999 1022.1  01.3  18.5 999.0 99.0
82 01 11 07 302 07.2 11.4 99.00 99.00 99.00 999 1022.0  01.1  18.4 999.0 99.0
82 01 11 08 297 07.6 10.4 99.00 99.00 99.00 999 1021.4  00.6  18.3 999.0 99.0
82 01 11 09 297 09.7 13.9 99.00 99.00 99.00 999 1021.7  00.1  18.3 999.0 99.0
82 01 11 10 301 09.3 12.0 99.00 99.00 99.00 999 1021.5 -00.1  18.4 999.0 99.0
82 01 11 11 304 09.2 13.1 99.00 99.00 99.00 999 1021.6 -00.4  18.4 999.0 99.0
82 01 11 12 306 11.0 14.5 99.00 99.00 99.00 999 1021.9 -00.3  18.4 999.0 99.0
82 01 11 13 302 11.4 14.4 99.00 99.00 99.00 999 1022.6 -00.2  19.9 999.0 99.0
82 01 11 14 295 11.0 14.3 99.00 99.00 99.00 999 1022.7 -00.6  20.0 999.0 99.0
82 01 11 15 295 10.4 13.5 99.00 99.00 99.00 999 1023.0 -00.7  19.8 999.0 99.0
82 01 11 16 291 10.7 14.1 99.00 99.00 99.00 999 1022.6 -00.4  19.3 999.0 99.0
82 01 11 17 289 11.3 15.1 99.00 99.00 99.00 999 1021.6 -00.4  18.8 999.0 99.0
82 01 11 18 289 10.2 13.1 99.00 99.00 99.00 999 1021.2  00.2  18.4 999.0 99.0
82 01 11 19 281 10.7 13.9 99.00 99.00 99.00 999 1020.1  00.8  18.2 999.0 99.0
82 01 11 20 276 11.0 14.3 99.00 99.00 99.00 999 1020.5  01.9  18.0 999.0 99.0
82 01 11 21 291 09.6 12.6 99.00 99.00 99.00 999 1020.9  02.1  18.0 999.0 99.0
82 01 11 22 292 09.1 12.1 99.00 99.00 99.00 999 1020.8  02.7  18.2 999.0 99.0
82 01 11 23 297 08.5 12.0 99.00 99.00 99.00 999 1020.7  03.5  18.3 999.0 99.0
82 01 12 00 296 07.8 10.5 99.00 99.00 99.00 999 1020.6  03.7  18.4 999.0 99.0
82 01 12 01 295 08.2 10.9 99.00 99.00 99.00 999 1020.8  03.6  18.6 999.0 99.0
82 01 12 02 290 09.6 13.3 99.00 99.00 99.00 999 1021.9  04.0  18.7 999.0 99.0
82 01 12 03 291 09.2 12.0 99.00 99.00 99.00 999 1022.1  03.4  19.1 999.0 99.0
82 01 12 04 300 09.8 14.2 99.00 99.00 99.00 999 1022.4  03.2  18.7 999.0 99.0
82 01 12 05 294 09.4 11.6 99.00 99.00 99.00 999 1022.7  03.2  18.4 999.0 99.0
82 01 12 06 300 09.1 11.5 99.00 99.00 99.00 999 1022.6  03.1  18.4 999.0 99.0
82 01 12 07 302 08.2 10.5 99.00 99.00 99.00 999 1022.1  03.4  18.3 999.0 99.0
82 01 12 08 315 08.6 11.1 99.00 99.00 99.00 999 1022.2  03.6  18.2 999.0 99.0
82 01 12 09 321 07.3 09.4 99.00 99.00 99.00 999 1022.8  03.5  18.2 999.0 99.0
82 01 12 10 327 06.0 08.3 99.00 99.00 99.00 999 1022.9  03.5  18.3 999.0 99.0
82 01 12 11 313 04.7 07.1 99.00 99.00 99.00 999 1023.7  03.4  18.4 999.0 99.0
82 01 12 12 327 04.0 05.9 99.00 99.00 99.00 999 1023.8  03.7  19.2 999.0 99.0
82 01 12 13 350 04.3 06.5 99.00 99.00 99.00 999 1023.9  03.7  20.0 999.0 99.0
82 01 12 14 008 04.1 06.1 99.00 99.00 99.00 999 1024.1  03.8  20.3 999.0 99.0
82 01 12 15 011 04.6 07.0 99.00 99.00 99.00 999 1024.3  04.9  20.3 999.0 99.0
82 01 12 16 024 03.5 05.6 99.00 99.00 99.00 999 1024.5  05.9  20.4 999.0 99.0
82 01 12 17 028 04.0 06.3 99.00 99.00 99.00 999 1024.1  06.9  20.2 999.0 99.0
82 01 12 18 057 02.9 05.0 99.00 99.00 99.00 999 1023.1  07.9  20.2 999.0 99.0
82 01 12 19 087 01.5 03.2 99.00 99.00 99.00 999 1022.3  08.9  20.2 999.0 99.0
82 01 12 20 168 00.3 01.4 99.00 99.00 99.00 999 1022.7  10.3  20.2 999.0 99.0
82 01 12 21 209 00.3 01.4 99.00 99.00 99.00 999 1023.3  10.6  20.2 999.0 99.0
82 01 12 22 182 00.3 01.2 99.00 99.00 99.00 999 1023.0  10.1  20.1 999.0 99.0
82 01 12 23 342 03.0 04.7 99.00 99.00 99.00 999 1023.0  10.1  19.8 999.0 99.0
82 01 13 00 351 02.8 04.5 99.00 99.00 99.00 999 1023.3  10.3  20.3 999.0 99.0
82 01 13 01 002 02.8 04.5 99.00 99.00 99.00 999 1022.4  10.5  20.3 999.0 99.0
82 01 13 02 033 03.1 05.9 99.00 99.00 99.00 999 1021.5  10.9  20.2 999.0 99.0
82 01 13 03 033 04.4 05.9 99.00 99.00 99.00 999 1020.7  11.6  20.1 999.0 99.0
82 01 13 04 055 04.1 05.5 99.00 99.00 99.00 999 1019.9  12.6  20.1 999.0 99.0
82 01 13 05 173 04.8 09.4 99.00 99.00 99.00 999 1019.4  13.5  20.1 999.0 99.0
82 01 13 06 182 05.3 06.9 99.00 99.00 99.00 999 1018.1  13.3  20.1 999.0 99.0
82 01 13 07 182 08.7 11.2 99.00 99.00 99.00 999 1016.9  14.1  20.0 999.0 99.0
82 01 13 08 168 06.8 08.7 99.00 99.00 99.00 999 1015.9  14.2  19.8 999.0 99.0
82 01 13 09 181 05.6 07.0 99.00 99.00 99.00 999 1015.4  14.1  19.8 999.0 99.0
82 01 13 10 197 05.8 08.9 99.00 99.00 99.00 999 1014.4  14.7  19.7 999.0 99.0
82 01 13 11 168 07.4 08.9 99.00 99.00 99.00 999 1014.4  15.7  19.5 999.0 99.0
82 01 13 12 167 08.9 12.2 99.00 99.00 99.00 999 1013.6  16.6  19.7 999.0 99.0
82 01 13 13 172 08.2 10.0 99.00 99.00 99.00 999 1013.4  17.1  19.9 999.0 99.0
82 01 13 14 188 10.0 11.8 99.00 99.00 99.00 999 1012.0  15.9  19.8 999.0 99.0
82 01 13 15 184 14.9 17.7 99.00 99.00 99.00 999 1010.8  17.4  20.2 999.0 99.0
82 01 13 16 226 13.2 17.4 99.00 99.00 99.00 999 1011.6  16.4  20.3 999.0 99.0
82 01 13 17 210 12.8 15.7 99.00 99.00 99.00 999 1010.1  17.5  20.2 999.0 99.0
82 01 13 18 210 12.4 14.8 99.00 99.00 99.00 999 1008.2  18.9  20.2 999.0 99.0
82 01 13 19 214 12.1 15.3 99.00 99.00 99.00 999 1006.4  19.9  20.0 999.0 99.0
82 01 13 20 225 11.5 14.7 99.00 99.00 99.00 999 1006.4  19.6  19.6 999.0 99.0
82 01 13 21 241 10.5 12.6 99.00 99.00 99.00 999 1007.2  17.4  19.1 999.0 99.0
82 01 13 22 239 10.1 12.6 99.00 99.00 99.00 999 1007.4  16.9  18.8 999.0 99.0
82 01 13 23 248 08.8 10.4 99.00 99.00 99.00 999 1007.7  16.6  18.7 999.0 99.0
82 01 14 00 252 08.3 10.4 99.00 99.00 99.00 999 1007.3  16.3  18.7 999.0 99.0
82 01 14 01 261 06.7 08.1 99.00 99.00 99.00 999 1007.9  16.2  18.7 999.0 99.0
82 01 14 02 287 06.3 08.0 99.00 99.00 99.00 999 1008.0  15.1  18.7 999.0 99.0
82 01 14 03 298 05.5 06.9 99.00 99.00 99.00 999 1008.5  14.5  19.0 999.0 99.0
82 01 14 04 324 04.9 06.2 99.00 99.00 99.00 999 1007.5  13.4  19.1 999.0 99.0
82 01 14 05 322 04.4 06.5 99.00 99.00 99.00 999 1008.0  13.1  19.0 999.0 99.0
82 01 14 06 009 04.7 05.9 99.00 99.00 99.00 999 1005.6  12.6  19.0 999.0 99.0
82 01 14 07 019 04.8 06.6 99.00 99.00 99.00 999 1004.5  12.9  18.9 999.0 99.0
82 01 14 08 036 05.5 07.3 99.00 99.00 99.00 999 1003.5  13.0  18.7 999.0 99.0
82 01 14 09 037 05.4 07.5 99.00 99.00 99.00 999 1003.3  13.5  18.6 999.0 99.0
82 01 14 10 019 07.5 09.1 99.00 99.00 99.00 999 1002.0  13.4  18.6 999.0 99.0
82 01 14 11 032 10.1 12.6 99.00 99.00 99.00 999 1000.4  13.7  18.5 999.0 99.0
82 01 14 12 038 08.9 10.9 99.00 99.00 99.00 999 0999.7  13.9  18.7 999.0 99.0
82 01 14 13 043 08.8 10.8 99.00 99.00 99.00 999 0998.9  14.8  18.9 999.0 99.0
82 01 14 14 054 07.1 09.0 99.00 99.00 99.00 999 0998.0  16.4  20.3 999.0 99.0
82 01 14 15 225 01.5 02.3 99.00 99.00 99.00 999 0998.0  18.1  20.8 999.0 99.0
82 01 14 16 330 04.0 05.8 99.00 99.00 99.00 999 0997.9  17.6  20.8 999.0 99.0
82 01 14 17 197 00.7 02.1 99.00 99.00 99.00 999 0996.5  17.5  20.7 999.0 99.0
82 01 14 18 226 09.2 13.1 99.00 99.00 99.00 999 0995.9  18.5  20.6 999.0 99.0
82 01 14 19 254 17.9 23.5 99.00 99.00 99.00 999 0997.3  13.2  19.7 999.0 99.0
82 01 14 20 270 17.0 22.5 99.00 99.00 99.00 999 0999.4  09.4  19.1 999.0 99.0
82 01 14 21 278 16.1 19.8 99.00 99.00 99.00 999 1000.6  08.2  18.7 999.0 99.0
82 01 14 22 279 15.8 21.2 99.00 99.00 99.00 999 1003.2  07.8  18.1 999.0 99.0
82 01 14 23 283 15.4 19.4 99.00 99.00 99.00 999 1005.3  07.6  17.8 999.0 99.0
82 01 15 00 287 14.7 18.6 99.00 99.00 99.00 999 1007.1  07.1  17.8 999.0 99.0
82 01 15 01 297 13.2 16.5 99.00 99.00 99.00 999 1008.9  06.7  17.9 999.0 99.0
82 01 15 02 293 11.5 15.5 99.00 99.00 99.00 999 1010.0  06.7  18.2 999.0 99.0
82 01 15 03 281 11.3 15.7 99.00 99.00 99.00 999 1011.1  06.0  18.4 999.0 99.0
82 01 15 04 282 11.1 14.2 99.00 99.00 99.00 999 1011.8  05.6  18.4 999.0 99.0
82 01 15 05 282 11.0 13.9 99.00 99.00 99.00 999 1013.0  04.9  18.5 999.0 99.0
82 01 15 06 290 11.6 15.9 99.00 99.00 99.00 999 1013.6  04.6  18.5 999.0 99.0
82 01 15 07 294 10.5 13.1 99.00 99.00 99.00 999 1014.2  04.2  18.5 999.0 99.0
82 01 15 08 294 10.2 13.1 99.00 99.00 99.00 999 1015.0  04.3  18.4 999.0 99.0
82 01 15 09 289 09.2 12.2 99.00 99.00 99.00 999 1015.1  04.1  18.3 999.0 99.0
82 01 15 10 296 09.5 12.4 99.00 99.00 99.00 999 1015.7  04.3  18.2 999.0 99.0
82 01 15 11 293 09.6 11.7 99.00 99.00 99.00 999 1016.5  04.6  18.2 999.0 99.0
82 01 15 12 294 09.0 11.6 99.00 99.00 99.00 999 1017.9  05.5  18.2 999.0 99.0
82 01 15 13 294 08.3 10.7 99.00 99.00 99.00 999 1019.4  06.0  18.3 999.0 99.0
82 01 15 14 299 09.2 11.7 99.00 99.00 99.00 999 1020.2  06.6  18.4 999.0 99.0
82 01 15 15 297 09.0 12.5 99.00 99.00 99.00 999 1020.9  07.1  18.5 999.0 99.0
82 01 15 16 295 09.3 12.8 99.00 99.00 99.00 999 1021.0  06.7  18.6 999.0 99.0
82 01 15 17 290 09.2 12.2 99.00 99.00 99.00 999 1020.4  07.0  18.6 999.0 99.0
82 01 15 18 283 09.3 11.8 99.00 99.00 99.00 999 1019.5  07.0  18.6 999.0 99.0
82 01 15 19 288 09.0 12.4 99.00 99.00 99.00 999 1019.2  07.1  18.5 999.0 99.0
82 01 15 20 283 07.6 09.5 99.00 99.00 99.00 999 1019.3  07.5  18.4 999.0 99.0
82 01 15 21 286 07.1 09.1 99.00 99.00 99.00 999 1019.6  08.1  18.4 999.0 99.0
82 01 15 22 277 06.4 08.7 99.00 99.00 99.00 999 1020.0  08.6  18.2 999.0 99.0
82 01 15 23 273 06.4 08.7 99.00 99.00 99.00 999 1020.5  08.9  18.2 999.0 99.0
82 01 16 00 265 06.1 08.2 99.00 99.00 99.00 999 1021.2  09.2  18.1 999.0 99.0
82 01 16 01 275 05.4 07.9 99.00 99.00 99.00 999 1021.1  09.8  18.1 999.0 99.0
82 01 16 02 269 02.8 04.9 99.00 99.00 99.00 999 1020.7  10.0  18.1 999.0 99.0
82 01 16 03 282 04.8 06.1 99.00 99.00 99.00 999 1021.7  10.6  18.2 999.0 99.0
82 01 16 04 270 04.8 06.2 99.00 99.00 99.00 999 1021.9  11.1  18.3 999.0 99.0
82 01 16 05 272 03.9 06.5 99.00 99.00 99.00 999 1021.4  11.4  18.4 999.0 99.0
82 01 16 06 264 04.1 06.2 99.00 99.00 99.00 999 1021.1  11.3  19.5 999.0 99.0
82 01 16 07 274 04.8 06.5 99.00 99.00 99.00 999 1021.4  11.4  19.2 999.0 99.0
82 01 16 08 256 04.8 06.9 99.00 99.00 99.00 999 1021.5  11.5  19.0 999.0 99.0
82 01 16 09 269 05.3 07.6 99.00 99.00 99.00 999 1021.5  11.8  18.7 999.0 99.0
82 01 16 10 262 06.1 08.4 99.00 99.00 99.00 999 1021.5  11.8  18.5 999.0 99.0
82 01 16 11 261 06.9 08.7 99.00 99.00 99.00 999 1021.8  11.6  18.4 999.0 99.0
82 01 16 12 254 05.8 07.4 99.00 99.00 99.00 999 1021.9  11.8  18.3 999.0 99.0
82 01 16 13 257 05.4 06.8 99.00 99.00 99.00 999 1022.1  11.8  18.2 999.0 99.0
82 01 16 14 237 04.9 06.6 99.00 99.00 99.00 999 1021.8  12.1  18.1 999.0 99.0
82 01 16 15 215 04.8 06.5 99.00 99.00 99.00 999 1021.4  13.0  18.1 999.0 99.0
82 01 16 16 219 06.3 08.7 99.00 99.00 99.00 999 1020.8  13.7  18.2 999.0 99.0
82 01 16 17 236 07.5 09.5 99.00 99.00 99.00 999 1019.8  14.6  18.4 999.0 99.0
82 01 16 18 243 07.5 08.9 99.00 99.00 99.00 999 1018.7  14.9  18.5 999.0 99.0
82 01 16 19 247 06.5 07.8 99.00 99.00 99.00 999 1017.8  15.1  18.6 999.0 99.0
82 01 16 20 244 06.3 07.7 99.00 99.00 99.00 999 1017.4  15.2  18.5 999.0 99.0
82 01 16 21 244 06.3 07.6 99.00 99.00 99.00 999 1017.3  15.2  18.4 999.0 99.0
82 01 16 22 242 05.9 07.6 99.00 99.00 99.00 999 1017.6  15.2  18.2 999.0 99.0
82 01 16 23 254 06.4 08.0 99.00 99.00 99.00 999 1018.0  15.1  18.2 999.0 99.0
82 01 17 00 252 05.3 06.4 99.00 99.00 99.00 999 1018.4  15.2  18.1 999.0 99.0
82 01 17 01 248 05.4 07.1 99.00 99.00 99.00 999 1018.7  15.4  18.1 999.0 99.0
82 01 17 02 250 06.0 07.8 99.00 99.00 99.00 999 1018.9  15.6  18.0 999.0 99.0
82 01 17 03 273 07.4 09.3 99.00 99.00 99.00 999 1019.4  15.2  18.1 999.0 99.0
82 01 17 04 266 07.2 08.9 99.00 99.00 99.00 999 1019.4  14.7  18.2 999.0 99.0
82 01 17 05 285 06.7 08.2 99.00 99.00 99.00 999 1019.3  14.6  18.4 999.0 99.0
82 01 17 06 311 09.5 11.5 99.00 99.00 99.00 999 1019.8  12.2  18.4 999.0 99.0
82 01 17 07 304 08.6 10.5 99.00 99.00 99.00 999 1019.9  11.8  18.4 999.0 99.0
82 01 17 08 297 06.5 08.0 99.00 99.00 99.00 999 1019.9  11.4  18.4 999.0 99.0
82 01 17 09 306 08.6 10.2 99.00 99.00 99.00 999 1020.5  11.4  18.3 999.0 99.0
82 01 17 10 290 07.2 09.3 99.00 99.00 99.00 999 1020.7  11.2  18.2 999.0 99.0
82 01 17 11 302 09.6 11.3 99.00 99.00 99.00 999 1021.3  10.7  18.0 999.0 99.0
82 01 17 12 318 09.0 10.6 99.00 99.00 99.00 999 1021.9  09.7  17.9 999.0 99.0
82 01 17 13 322 08.5 10.8 99.00 99.00 99.00 999 1023.4  08.5  17.8 999.0 99.0
82 01 17 14 331 09.0 11.4 99.00 99.00 99.00 999 1025.0  07.6  17.8 999.0 99.0
82 01 17 15 359 08.1 10.2 99.00 99.00 99.00 999 1025.8  06.8  17.9 999.0 99.0
82 01 17 16 004 06.9 09.0 99.00 99.00 99.00 999 1025.3  06.9  18.1 999.0 99.0
82 01 17 17 022 06.2 08.5 99.00 99.00 99.00 999 1024.9  07.5  18.3 999.0 99.0
82 01 17 18 015 05.4 08.3 99.00 99.00 99.00 999 1024.8  08.3  18.5 999.0 99.0
82 01 17 19 032 05.8 08.0 99.00 99.00 99.00 999 1024.2  08.4  18.5 999.0 99.0
82 01 17 20 033 05.1 07.2 99.00 99.00 99.00 999 1024.4  08.5  18.5 999.0 99.0
82 01 17 21 041 05.7 07.3 99.00 99.00 99.00 999 1024.6  09.1  18.5 999.0 99.0
82 01 17 22 054 06.0 08.0 99.00 99.00 99.00 999 1025.2  09.1  18.4 999.0 99.0
82 01 17 23 067 05.5 07.8 99.00 99.00 99.00 999 1024.9  09.2  18.4 999.0 99.0
82 01 18 00 067 04.4 06.7 99.00 99.00 99.00 999 1025.4  09.9  18.3 999.0 99.0
82 01 18 01 056 05.0 07.1 99.00 99.00 99.00 999 1025.6  10.5  18.3 999.0 99.0
82 01 18 02 050 04.9 06.7 99.00 99.00 99.00 999 1025.7  10.8  18.3 999.0 99.0
82 01 18 03 069 05.5 07.1 99.00 99.00 99.00 999 1025.4  11.2  18.2 999.0 99.0
82 01 18 04 065 05.6 07.4 99.00 99.00 99.00 999 1024.9  11.9  18.2 999.0 99.0
82 01 18 05 076 03.5 04.9 99.00 99.00 99.00 999 1024.5  13.1  18.7 999.0 99.0
82 01 18 06 209 02.3 03.7 99.00 99.00 99.00 999 1024.2  14.1  18.7 999.0 99.0
82 01 18 07 249 02.2 03.0 99.00 99.00 99.00 999 1024.4  14.1  18.6 999.0 99.0
82 01 18 08 253 03.4 04.4 99.00 99.00 99.00 999 1024.4  14.1  18.4 999.0 99.0
82 01 18 09 275 02.8 04.2 99.00 99.00 99.00 999 1024.6  14.1  18.4 999.0 99.0
82 01 18 10 257 02.4 03.6 99.00 99.00 99.00 999 1024.3  13.9  18.2 999.0 99.0
82 01 18 11 262 01.9 02.7 99.00 99.00 99.00 999 1024.2  13.8  18.2 999.0 99.0
82 01 18 12 258 01.3 02.3 99.00 99.00 99.00 999 1024.6  13.8  18.1 999.0 99.0
82 01 18 13 287 01.0 02.0 99.00 99.00 99.00 999 1025.2  14.0  18.0 999.0 99.0
82 01 18 14 272 02.1 02.8 99.00 99.00 99.00 999 1025.9  14.7  18.0 999.0 99.0
82 01 18 15 289 03.1 04.2 99.00 99.00 99.00 999 1026.5  14.5  18.0 999.0 99.0
82 01 18 16 296 03.8 04.9 99.00 99.00 99.00 999 1026.9  14.2  18.0 999.0 99.0
