YY MM DD hh WD   WSPD GST  WVHT  DPD   APD  MWD  BAR    ATMP  WTMP  DEWP  VIS
82 01 01 00 259 07.4 08.8 02.50 09.10 05.70 999 1014.4  18.5  20.6 999.0 99.0
82 01 01 01 245 07.7 08.9 02.20 09.10 05.70 999 1013.5  19.2  20.6 999.0 99.0
82 01 01 02 243 13.2 16.6 02.20 10.00 05.60 999 1015.0  19.7  20.6 999.0 99.0
82 01 01 03 220 07.3 08.9 02.20 09.10 05.30 999 1013.8  19.6  20.6 999.0 99.0
82 01 01 04 221 09.0 11.0 02.00 10.00 05.50 999 1013.3  19.5  20.6 999.0 99.0
82 01 01 05 223 09.9 12.8 01.90 10.00 04.80 999 1013.0  20.0  20.7 999.0 99.0
82 01 01 06 224 09.7 13.0 02.00 10.00 04.90 999 1012.9  19.7  20.7 999.0 99.0
82 01 01 07 251 09.7 12.1 02.00 10.00 04.70 999 1013.7  19.5  20.7 999.0 99.0
82 01 01 08 251 08.1 09.8 01.90 10.00 04.80 999 1013.7  18.9  20.7 999.0 99.0
82 01 01 09 256 07.3 09.4 01.70 09.10 04.60 999 1014.0  18.9  20.7 999.0 99.0
82 01 01 10 266 06.2 07.4 01.60 09.10 04.80 999 1014.7  18.7  20.6 999.0 99.0
82 01 01 11 288 07.5 09.1 01.50 09.10 04.70 999 1015.4  18.5  20.5 999.0 99.0
82 01 01 12 296 05.4 07.0 01.40 09.10 04.70 999 1016.0  18.1  20.5 999.0 99.0
82 01 01 13 317 03.5 04.6 01.30 09.10 05.70 999 1016.9  17.3  20.6 999.0 99.0
82 01 01 14 330 06.2 07.8 01.30 10.00 05.80 999 1018.0  16.1  20.6 999.0 99.0
82 01 01 15 325 05.6 07.1 01.40 10.00 05.90 999 1018.6  15.6  20.6 999.0 99.0
82 01 01 16 299 02.0 03.5 01.30 09.10 05.80 999 1018.2  16.3  20.8 999.0 99.0
82 01 01 17 336 04.5 06.3 01.50 10.00 06.40 999 1017.3  16.6  20.9 999.0 99.0
82 01 01 18 330 06.9 08.3 01.40 10.00 05.40 999 1017.3  16.0  21.0 999.0 99.0
82 01 01 19 335 05.0 06.4 01.50 09.10 05.70 999 1017.0  15.9  21.0 999.0 99.0
82 01 01 20 350 02.2 03.7 01.50 10.00 06.00 999 1016.8  16.3  20.9 999.0 99.0
82 01 01 21 306 02.7 03.8 01.40 10.00 06.00 999 1017.4  16.4  20.9 999.0 99.0
82 01 01 22 309 02.6 04.0 01.40 09.10 06.10 999 1018.1  15.5  20.8 999.0 99.0
82 01 01 23 011 02.3 03.7 01.30 10.00 06.10 999 1018.1  15.6  20.7 999.0 99.0
82 01 02 00 005 01.7 02.5 01.40 10.00 06.30 999 1018.5  16.3  20.7 999.0 99.0
82 01 02 01 352 02.4 03.3 01.30 10.00 06.20 999 1019.1  16.8  20.6 999.0 99.0
82 01 02 02 026 01.3 02.1 01.40 10.00 06.80 999 1019.4  17.4  20.7 999.0 99.0
82 01 02 03 033 01.7 02.6 01.30 10.00 06.80 999 1019.4  17.8  20.7 999.0 99.0
82 01 02 04 043 01.6 02.2 01.30 09.10 07.10 999 1019.6  18.1  20.8 999.0 99.0
82 01 02 05 008 04.0 04.9 01.20 10.00 07.30 999 1019.7  18.3  20.8 999.0 99.0
82 01 02 06 006 05.3 06.5 01.30 10.00 07.50 999 1019.8  18.1  20.8 999.0 99.0
82 01 02 07 012 03.7 05.0 01.20 09.10 06.60 999 1020.0  17.9  20.9 999.0 99.0
82 01 02 08 012 05.8 07.3 01.30 10.00 06.50 999 1020.2  17.9  20.8 999.0 99.0
82 01 02 09 004 06.0 07.5 01.30 09.10 05.50 999 1020.7  17.6  20.7 999.0 99.0
82 01 02 10 024 05.7 07.4 01.50 09.10 05.40 999 1020.8  17.7  20.6 999.0 99.0
82 01 02 11 038 05.1 06.2 01.40 09.10 05.20 999 1021.1  17.9  20.5 999.0 99.0
82 01 02 12 036 05.7 06.8 01.30 09.10 04.90 999 1021.4  18.3  20.5 999.0 99.0
82 01 02 13 041 06.5 07.7 01.40 09.10 05.00 999 1021.6  19.0  20.5 999.0 99.0
82 01 02 14 044 06.3 07.8 01.40 08.30 04.90 999 1022.4  19.4  20.5 999.0 99.0
82 01 02 15 042 06.5 07.9 01.40 09.10 05.00 999 1023.1  20.0  20.6 999.0 99.0
82 01 02 16 039 05.7 06.6 01.30 08.30 04.70 999 1023.5  19.7  20.6 999.0 99.0
82 01 02 17 050 05.3 06.6 01.40 09.10 05.20 999 1023.1  19.9  20.6 999.0 99.0
82 01 02 18 042 05.5 06.9 01.30 09.10 05.10 999 1022.4  20.1  20.6 999.0 99.0
82 01 02 19 032 05.2 06.5 01.30 10.00 05.50 999 1022.1  20.2  20.6 999.0 99.0
82 01 02 20 075 04.9 06.1 01.20 09.10 05.50 999 1021.7  20.9  20.6 999.0 99.0
82 01 02 21 075 04.9 06.0 01.20 09.10 05.30 999 1021.9  20.9  20.5 999.0 99.0
82 01 02 22 071 05.1 06.6 01.40 09.10 05.50 999 1022.2  21.0  20.5 999.0 99.0
82 01 02 23 080 05.7 07.1 01.30 09.10 05.10 999 1022.1  21.0  20.5 999.0 99.0
82 01 03 00 085 06.5 07.6 01.60 08.30 05.20 999 1022.5  21.1  20.5 999.0 99.0
82 01 03 01 098 06.8 08.0 01.40 09.10 04.50 999 1022.7  21.2  20.5 999.0 99.0
82 01 03 02 098 06.3 07.6 01.50 09.10 04.50 999 1022.9  21.3  20.5 999.0 99.0
82 01 03 03 105 06.5 07.8 01.40 08.30 04.20 999 1022.6  21.5  20.5 999.0 99.0
82 01 03 04 113 07.5 09.8 01.60 09.10 04.40 999 1021.6  21.7  20.5 999.0 99.0
82 01 03 05 126 08.1 09.3 01.60 09.10 04.30 999 1021.1  21.9  20.5 999.0 99.0
82 01 03 06 132 08.1 09.6 01.70 05.00 04.40 999 1020.4  22.0  20.6 999.0 99.0
82 01 03 07 139 08.0 09.2 01.90 05.30 04.60 999 1020.0  22.0  20.6 999.0 99.0
82 01 03 08 144 06.9 08.3 01.90 05.60 04.70 999 1019.8  22.0  20.7 999.0 99.0
82 01 03 09 144 07.5 09.6 01.90 05.60 04.70 999 1019.3  22.1  20.6 999.0 99.0
82 01 03 10 146 06.2 07.4 01.80 05.60 05.00 999 1019.4  22.1  20.6 999.0 99.0
82 01 03 11 154 04.3 05.3 01.80 05.90 05.20 999 1020.3  21.9  20.5 999.0 99.0
82 01 03 12 141 03.1 04.2 01.80 05.60 05.20 999 1020.8  21.8  20.4 999.0 99.0
82 01 03 13 163 04.3 06.1 01.80 05.60 05.00 999 1021.7  21.3  20.4 999.0 99.0
82 01 03 14 145 04.4 05.2 01.70 05.60 04.90 999 1022.1  21.0  20.4 999.0 99.0
82 01 03 15 136 04.6 05.3 01.70 05.90 05.00 999 1022.1  21.5  20.4 999.0 99.0
82 01 03 16 146 04.8 05.7 01.70 08.30 05.00 999 1021.9  21.7  20.6 999.0 99.0
82 01 03 17 150 04.9 06.0 01.80 07.70 05.10 999 1020.7  21.9  20.8 999.0 99.0
82 01 03 18 158 04.7 05.6 01.70 06.70 05.00 999 1019.9  21.9  20.8 999.0 99.0
82 01 03 19 170 05.2 06.0 01.80 06.30 05.20 999 1018.8  22.0  20.9 999.0 99.0
82 01 03 20 170 06.4 07.5 01.80 06.70 05.20 999 1018.3  22.0  20.9 999.0 99.0
82 01 03 21 177 07.1 08.9 02.00 07.70 05.40 999 1018.5  22.2  20.9 999.0 99.0
82 01 03 22 174 07.8 09.6 02.10 08.30 05.40 999 1018.6  22.1  20.8 999.0 99.0
82 01 03 23 183 06.9 07.9 02.10 07.10 05.40 999 1018.7  21.9  20.7 999.0 99.0
82 01 04 00 172 07.0 08.3 02.00 06.70 05.10 999 1018.7  21.9  20.6 999.0 99.0
82 01 04 01 178 07.3 09.0 02.10 07.70 05.30 999 1018.9  21.7  20.5 999.0 99.0
82 01 04 02 168 06.9 08.3 02.10 08.30 05.20 999 1019.1  21.6  20.5 999.0 99.0
82 01 04 03 169 07.8 09.6 02.20 07.10 05.10 999 1018.9  21.8  20.5 999.0 99.0
82 01 04 04 164 07.5 08.7 02.00 07.10 05.00 999 1018.7  21.9  20.6 999.0 99.0
82 01 04 05 167 08.7 10.1 02.00 07.70 04.70 999 1017.9  22.0  20.6 999.0 99.0
82 01 04 06 173 09.2 10.6 02.00 07.70 04.60 999 1017.4  22.0  20.7 999.0 99.0
82 01 04 07 178 08.9 10.5 02.10 07.70 04.60 999 1017.9  21.9  20.7 999.0 99.0
82 01 04 08 189 08.8 10.5 01.90 09.10 04.60 999 1017.9  21.6  20.8 999.0 99.0
82 01 04 09 190 09.4 11.8 02.00 07.70 04.70 999 1017.2  21.3  20.7 999.0 99.0
82 01 04 10 188 09.8 11.9 01.90 07.70 04.60 999 1016.3  21.4  20.7 999.0 99.0
82 01 04 11 190 10.3 12.6 02.00 07.70 04.70 999 1016.2  21.2  20.6 999.0 99.0
82 01 04 12 196 10.5 12.8 02.10 06.70 04.60 999 1017.0  21.2  20.4 999.0 99.0
82 01 04 13 190 11.3 14.2 02.20 07.10 04.60 999 1016.5  21.2  20.3 999.0 99.0
82 01 04 14 191 10.2 12.4 02.10 07.10 04.70 999 1017.3  21.3  20.3 999.0 99.0
82 01 04 15 193 09.0 10.8 02.00 06.70 04.60 999 1017.9  21.4  20.3 999.0 99.0
82 01 04 16 195 08.4 09.8 01.80 07.10 04.40 999 1018.2  21.0  20.4 999.0 99.0
82 01 04 17 190 08.7 10.5 01.80 06.70 04.40 999 1017.2  21.2  20.4 999.0 99.0
82 01 04 18 209 10.2 13.1 01.70 05.90 04.30 999 1016.3  21.1  20.4 999.0 99.0
82 01 04 19 228 07.4 09.2 01.70 07.10 04.30 999 1015.8  19.9  20.6 999.0 99.0
82 01 04 20 242 09.9 12.4 01.60 07.10 04.20 999 1015.8  20.3  20.7 999.0 99.0
82 01 04 21 245 06.0 07.3 01.50 06.70 04.40 999 1015.8  19.6  20.7 999.0 99.0
82 01 04 22 274 07.0 08.7 01.40 07.10 04.20 999 1016.9  17.9  20.7 999.0 99.0
82 01 04 23 271 09.0 10.8 01.40 07.10 04.00 999 1017.6  17.5  20.6 999.0 99.0
82 01 05 00 282 09.2 11.5 01.40 03.80 03.90 999 1018.1  17.7  20.6 999.0 99.0
82 01 05 01 291 11.3 13.1 01.50 03.80 03.70 999 1019.5  17.1  20.4 999.0 99.0
82 01 05 02 291 10.3 12.4 01.50 04.30 03.90 999 1021.0  16.7  20.3 999.0 99.0
82 01 05 03 293 09.7 11.6 01.60 04.80 04.20 999 1022.3  16.1  20.1 999.0 99.0
82 01 05 04 305 09.5 11.5 01.50 05.00 04.20 999 1022.6  15.9  20.2 999.0 99.0
82 01 05 05 311 09.8 12.6 01.50 05.00 04.30 999 1022.5  15.8  20.4 999.0 99.0
82 01 05 06 316 09.0 11.5 01.40 05.30 04.40 999 1022.1  15.4  20.5 999.0 99.0
82 01 05 07 319 09.3 11.7 01.40 05.30 04.40 999 1022.3  14.9  20.6 999.0 99.0
82 01 05 08 324 09.8 12.1 01.60 05.30 04.50 999 1023.0  14.6  20.7 999.0 99.0
82 01 05 09 323 10.4 13.2 01.70 05.30 04.50 999 1023.0  14.1  20.6 999.0 99.0
82 01 05 10 324 10.6 13.1 01.80 05.60 04.50 999 1023.4  13.6  20.6 999.0 99.0
82 01 05 11 336 09.7 11.6 02.00 05.90 04.60 999 1023.9  13.1  20.7 999.0 99.0
82 01 05 12 335 09.2 11.6 02.00 05.90 04.60 999 1024.5  12.8  20.7 999.0 99.0
82 01 05 13 344 08.7 10.8 01.90 06.30 04.50 999 1025.1  13.0  20.6 999.0 99.0
82 01 05 14 346 08.1 10.1 01.70 06.30 04.40 999 1025.6  13.4  20.5 999.0 99.0
82 01 05 15 351 08.6 11.1 01.80 05.90 04.40 999 1026.5  13.6  20.5 999.0 99.0
82 01 05 16 000 08.5 10.8 01.70 05.90 04.30 999 1026.8  13.0  20.5 999.0 99.0
82 01 05 17 008 08.2 10.8 01.70 05.90 04.50 999 1025.7  12.7  20.6 999.0 99.0
82 01 05 18 016 06.9 08.8 01.60 06.30 04.50 999 1024.8  13.3  20.7 999.0 99.0
82 01 05 19 027 05.8 08.3 01.60 06.30 04.60 999 1024.1  13.8  20.7 999.0 99.0
82 01 05 20 028 05.0 07.2 01.40 06.30 04.60 999 1024.0  14.3  20.7 999.0 99.0
82 01 05 21 026 05.2 07.3 01.30 06.30 04.60 999 1023.8  14.9  20.7 999.0 99.0
82 01 05 22 028 04.1 06.0 01.20 05.90 04.70 999 1023.8  15.3  20.7 999.0 99.0
82 01 05 23 024 03.4 05.8 01.20 05.60 04.60 999 1024.0  15.6  20.6 999.0 99.0
82 01 06 00 089 04.0 05.8 01.10 05.60 04.70 999 1023.8  16.6  20.7 999.0 99.0
82 01 06 01 089 04.2 06.1 01.00 05.30 04.50 999 1024.1  17.1  20.6 999.0 99.0
82 01 06 02 103 06.0 08.0 01.00 05.30 04.40 999 1023.9  17.4  20.5 999.0 99.0
82 01 06 03 119 05.3 07.1 01.00 05.30 04.10 999 1024.2  17.6  20.5 999.0 99.0
82 01 06 04 118 05.7 07.3 01.00 05.30 04.00 999 1023.7  17.9  20.5 999.0 99.0
82 01 06 05 125 05.2 06.7 01.00 05.30 03.70 999 1023.3  18.0  20.5 999.0 99.0
82 01 06 06 136 05.4 06.7 01.00 05.30 03.90 999 1022.8  18.1  20.6 999.0 99.0
82 01 06 07 138 05.7 07.1 01.00 07.10 03.70 999 1022.0  18.4  20.6 999.0 99.0
82 01 06 08 138 05.8 07.8 00.90 06.70 03.80 999 1021.8  18.6  20.6 999.0 99.0
82 01 06 09 160 05.4 06.9 00.90 06.70 04.00 999 1021.6  19.0  20.6 999.0 99.0
82 01 06 10 173 06.2 07.3 00.90 07.10 04.10 999 1021.4  19.3  20.6 999.0 99.0
82 01 06 11 161 04.7 05.8 00.90 06.70 04.00 999 1021.6  19.6  20.6 999.0 99.0
82 01 06 12 169 06.0 07.3 00.90 07.10 04.20 999 1021.8  19.7  20.6 999.0 99.0
82 01 06 13 179 05.1 06.3 00.90 07.10 03.90 999 1022.4  19.9  20.6 999.0 99.0
82 01 06 14 183 05.8 07.4 00.90 06.70 04.20 999 1023.0  20.1  20.5 999.0 99.0
82 01 06 15 206 06.2 07.1 01.00 06.30 04.00 999 1023.4  20.3  20.4 999.0 99.0
82 01 06 16 217 05.1 06.3 01.00 06.30 04.10 999 1023.7  20.1  20.4 999.0 99.0
82 01 06 17 221 04.6 05.6 00.90 06.30 03.90 999 1023.0  19.9  20.5 999.0 99.0
82 01 06 18 221 04.0 04.9 00.90 07.70 03.90 999 1022.1  19.8  20.6 999.0 99.0
82 01 06 19 217 04.4 05.4 00.80 08.30 03.90 999 1021.0  19.9  20.7 999.0 99.0
82 01 06 20 222 04.0 05.1 00.80 07.70 03.80 999 1020.9  20.1  20.7 999.0 99.0
82 01 06 21 208 04.2 05.1 00.80 08.30 03.90 999 1020.7  20.3  20.7 999.0 99.0
82 01 06 22 189 05.2 06.1 00.80 08.30 04.10 999 1020.4  20.4  20.6 999.0 99.0
82 01 06 23 186 05.3 06.8 00.70 08.30 03.90 999 1020.6  20.2  20.5 999.0 99.0
