YY MM DD hh WD   WSPD GST  WVHT  DPD   APD  MWD  BAR    ATMP  WTMP  DEWP  VIS
77 07 01 00 196 09.5 99.0 99.00 99.00 99.00 999 1020.6  28.6 999.0 999.0 99.0
77 07 01 03 252 07.1 99.0 99.00 99.00 99.00 999 1021.6  26.4 999.0 999.0 99.0
77 07 01 06 219 06.6 99.0 99.00 99.00 99.00 999 1020.4  27.0 999.0 999.0 99.0
77 07 01 09 214 05.8 99.0 99.00 99.00 99.00 999 1020.2  26.8 999.0 999.0 99.0
77 07 01 12 226 05.6 99.0 99.00 99.00 99.00 999 1021.9  27.0 999.0 999.0 99.0
77 07 01 15 257 05.1 99.0 99.00 99.00 99.00 999 1022.9  27.7 999.0 999.0 99.0
77 07 01 21 198 04.2 99.0 99.00 99.00 99.00 999 1020.7  27.3 999.0 999.0 99.0
77 07 02 03 223 06.3 99.0 99.00 99.00 99.00 999 1021.4  27.5 999.0 999.0 99.0
77 07 02 06 272 05.8 99.0 99.00 99.00 99.00 999 1021.7  26.5 999.0 999.0 99.0
77 07 02 09 202 05.2 99.0 99.00 99.00 99.00 999 1020.0  26.6 999.0 999.0 99.0
77 07 02 12 226 06.0 99.0 99.00 99.00 99.00 999 1021.3  26.7 999.0 999.0 99.0
77 07 02 15 228 04.4 99.0 99.00 99.00 99.00 999 1022.1  26.5 999.0 999.0 99.0
77 07 02 18 234 04.0 99.0 99.00 99.00 99.00 999 1022.0  27.5 999.0 999.0 99.0
77 07 02 21 212 02.7 99.0 99.00 99.00 99.00 999 1020.1  27.5 999.0 999.0 99.0
77 07 03 00 172 08.0 99.0 99.00 99.00 99.00 999 1019.6  27.6 999.0 999.0 99.0
77 07 03 03 188 08.9 99.0 99.00 99.00 99.00 999 1019.9  28.2 999.0 999.0 99.0
77 07 03 06 204 08.0 99.0 99.00 99.00 99.00 999 1019.8  27.7 999.0 999.0 99.0
77 07 03 09 222 07.8 99.0 99.00 99.00 99.00 999 1019.9  27.4 999.0 999.0 99.0
77 07 03 12 259 06.3 99.0 99.00 99.00 99.00 999 1020.4  26.2 999.0 999.0 99.0
77 07 03 15 236 05.6 99.0 99.00 99.00 99.00 999 1021.3  27.0 999.0 999.0 99.0
77 07 03 18 233 04.2 99.0 99.00 99.00 99.00 999 1021.3  26.7 999.0 999.0 99.0
77 07 03 21 171 01.6 99.0 99.00 99.00 99.00 999 1020.5  29.1 999.0 999.0 99.0
77 07 04 00 154 06.4 99.0 99.00 99.00 99.00 999 1020.4  28.1 999.0 999.0 99.0
77 07 04 03 167 07.3 99.0 99.00 99.00 99.00 999 1021.1  28.2 999.0 999.0 99.0
77 07 04 06 184 06.5 99.0 99.00 99.00 99.00 999 1020.9  28.3 999.0 999.0 99.0
77 07 04 09 207 04.2 99.0 99.00 99.00 99.00 999 1020.7  27.7 999.0 999.0 99.0
77 07 04 12 167 03.2 99.0 99.00 99.00 99.00 999 1022.6  25.9 999.0 999.0 99.0
77 07 04 15 033 01.4 99.0 99.00 99.00 99.00 999 1023.5  27.6 999.0 999.0 99.0
77 07 04 18 123 04.2 99.0 99.00 99.00 99.00 999 1022.7  26.6 999.0 999.0 99.0
77 07 04 21 150 03.0 99.0 99.00 99.00 99.00 999 1022.1  27.0 999.0 999.0 99.0
77 07 05 00 184 02.7 99.0 99.00 99.00 99.00 999 1021.4 999.0 999.0 999.0 99.0
77 07 05 03 183 01.9 99.0 99.00 99.00 99.00 999 1021.4  27.5 999.0 999.0 99.0
77 07 05 06 239 01.6 99.0 99.00 99.00 99.00 999 1021.0  26.3 999.0 999.0 99.0
77 07 05 09 236 01.2 99.0 99.00 99.00 99.00 999 1020.5  27.2 999.0 999.0 99.0
77 07 05 12 310 02.0 99.0 99.00 99.00 99.00 999 1021.1  26.6 999.0 999.0 99.0
77 07 05 15 284 02.8 99.0 99.00 99.00 99.00 999 1021.3  27.7 999.0 999.0 99.0
77 07 05 18 348 03.9 99.0 99.00 99.00 99.00 999 1020.9  28.0 999.0 999.0 99.0
77 07 05 21 023 02.5 99.0 99.00 99.00 99.00 999 1019.4  27.8 999.0 999.0 99.0
77 07 06 00 104 01.0 99.0 99.00 99.00 99.00 999 1018.3  28.5 999.0 999.0 99.0
77 07 06 03 166 02.4 99.0 99.00 99.00 99.00 999 1018.9  27.3 999.0 999.0 99.0
77 07 06 06 201 03.7 99.0 99.00 99.00 99.00 999 1017.8  27.0 999.0 999.0 99.0
77 07 06 09 235 04.8 99.0 99.00 99.00 99.00 999 1017.0  27.5 999.0 999.0 99.0
77 07 06 12 265 04.2 99.0 99.00 99.00 99.00 999 1018.0  27.5 999.0 999.0 99.0
77 07 06 15 258 03.0 99.0 99.00 99.00 99.00 999 1018.2  28.2 999.0 999.0 99.0
77 07 06 18 249 02.7 99.0 99.00 99.00 99.00 999 1017.4  27.8 999.0 999.0 99.0
77 07 06 21 210 04.0 99.0 99.00 99.00 99.00 999 1016.3  27.5 999.0 999.0 99.0
77 07 07 00 192 06.5 99.0 99.00 99.00 99.00 999 1016.0  27.8 999.0 999.0 99.0
77 07 07 03 197 07.8 99.0 99.00 99.00 99.00 999 1016.4  27.8 999.0 999.0 99.0
77 07 07 06 200 08.5 99.0 99.00 99.00 99.00 999 1015.3  27.7 999.0 999.0 99.0
77 07 07 09 211 07.3 99.0 99.00 99.00 99.00 999 1015.7  27.4 999.0 999.0 99.0
77 07 07 12 208 06.9 99.0 99.00 99.00 99.00 999 1016.4  27.3 999.0 999.0 99.0
77 07 07 15 208 05.8 99.0 99.00 99.00 99.00 999 1016.8  27.3 999.0 999.0 99.0
77 07 07 18 203 05.9 99.0 99.00 99.00 99.00 999 1016.5  28.2 999.0 999.0 99.0
77 07 07 21 182 07.0 99.0 99.00 99.00 99.00 999 1015.4  28.3 999.0 999.0 99.0
77 07 08 00 184 07.8 99.0 99.00 99.00 99.00 999 1015.8  28.4 999.0 999.0 99.0
77 07 08 03 194 08.3 99.0 99.00 99.00 99.00 999 1017.0  28.2 999.0 999.0 99.0
77 07 08 06 199 07.0 99.0 99.00 99.00 99.00 999 1016.4  28.4 999.0 999.0 99.0
77 07 08 09 211 04.9 99.0 99.00 99.00 99.00 999 1016.5  27.3 999.0 999.0 99.0
77 07 08 12 281 04.1 99.0 99.00 99.00 99.00 999 1018.4  28.1 999.0 999.0 99.0
77 07 08 15 225 05.0 99.0 99.00 99.00 99.00 999 1019.4  27.4 999.0 999.0 99.0
77 07 08 18 236 05.1 99.0 99.00 99.00 99.00 999 1019.6  27.5 999.0 999.0 99.0
77 07 08 21 189 06.2 99.0 99.00 99.00 99.00 999 1018.1  28.3 999.0 999.0 99.0
77 07 09 00 195 08.7 99.0 99.00 99.00 99.00 999 1018.6  28.7 999.0 999.0 99.0
77 07 09 03 198 08.4 99.0 99.00 99.00 99.00 999 1020.1  28.3 999.0 999.0 99.0
77 07 09 09 248 06.5 99.0 99.00 99.00 99.00 999 1019.7  27.3 999.0 999.0 99.0
77 07 09 12 274 04.9 99.0 99.00 99.00 99.00 999 1020.8  27.6 999.0 999.0 99.0
77 07 09 15 240 03.8 99.0 99.00 99.00 99.00 999 1021.8  27.0 999.0 999.0 99.0
77 07 09 18 221 04.8 99.0 99.00 99.00 99.00 999 1022.0  27.1 999.0 999.0 99.0
77 07 09 21 194 04.5 99.0 99.00 99.00 99.00 999 1020.1  27.9 999.0 999.0 99.0
77 07 10 00 192 08.2 99.0 99.00 99.00 99.00 999 1019.7  28.1 999.0 999.0 99.0
77 07 10 03 207 05.7 99.0 99.00 99.00 99.00 999 1021.3  27.7 999.0 999.0 99.0
77 07 10 06 219 07.5 99.0 99.00 99.00 99.00 999 1020.6  27.6 999.0 999.0 99.0
77 07 10 09 254 06.5 99.0 99.00 99.00 99.00 999 1020.3  28.0 999.0 999.0 99.0
77 07 10 12 288 03.9 99.0 99.00 99.00 99.00 999 1021.4  28.1 999.0 999.0 99.0
77 07 10 15 272 03.2 99.0 99.00 99.00 99.00 999 1021.8  28.0 999.0 999.0 99.0
77 07 10 18 244 01.9 99.0 99.00 99.00 99.00 999 1021.6  28.5 999.0 999.0 99.0
77 07 11 00 172 04.6 99.0 99.00 99.00 99.00 999 1019.9  28.9 999.0 999.0 99.0
77 07 11 03 220 06.3 99.0 99.00 99.00 99.00 999 1021.0  28.3 999.0 999.0 99.0
77 07 11 06 226 06.1 99.0 99.00 99.00 99.00 999 1020.4  27.1 999.0 999.0 99.0
77 07 11 12 279 04.1 99.0 99.00 99.00 99.00 999 1020.8  27.4 999.0 999.0 99.0
77 07 11 15 300 04.0 99.0 99.00 99.00 99.00 999 1021.6  27.8 999.0 999.0 99.0
77 07 11 18 322 02.6 99.0 99.00 99.00 99.00 999 1021.1  28.8 999.0 999.0 99.0
77 07 11 21 054 00.4 99.0 99.00 99.00 99.00 999 1019.7  30.0 999.0 999.0 99.0
77 07 12 00 176 03.6 99.0 99.00 99.00 99.00 999 1019.1  27.9 999.0 999.0 99.0
77 07 12 03 200 05.2 99.0 99.00 99.00 99.00 999 1021.0  28.0 999.0 999.0 99.0
77 07 12 06 223 03.1 99.0 99.00 99.00 99.00 999 1020.5  27.0 999.0 999.0 99.0
77 07 12 09 228 03.2 99.0 99.00 99.00 99.00 999 1019.3  27.4 999.0 999.0 99.0
77 07 12 12 230 01.9 99.0 99.00 99.00 99.00 999 1020.8  26.5 999.0 999.0 99.0
77 07 12 15 279 00.7 99.0 99.00 99.00 99.00 999 1021.7  27.4 999.0 999.0 99.0
77 07 12 18 018 00.8 99.0 99.00 99.00 99.00 999 1021.9  29.1 999.0 999.0 99.0
77 07 12 21 067 00.6 99.0 99.00 99.00 99.00 999 1020.8  29.0 999.0 999.0 99.0
77 07 13 00 085 01.3 99.0 99.00 99.00 99.00 999 1020.2  29.3 999.0 999.0 99.0
77 07 13 03 113 03.0 99.0 99.00 99.00 99.00 999 1021.0  28.8 999.0 999.0 99.0
77 07 13 06 120 03.2 99.0 99.00 99.00 99.00 999 1020.4  27.9 999.0 999.0 99.0
77 07 13 09 057 01.9 99.0 99.00 99.00 99.00 999 1020.1  28.1 999.0 999.0 99.0
77 07 13 12 081 03.4 99.0 99.00 99.00 99.00 999 1021.2  28.6 999.0 999.0 99.0
77 07 13 15 087 04.9 99.0 99.00 99.00 99.00 999 1022.2  29.0 999.0 999.0 99.0
77 07 13 18 078 05.5 99.0 99.00 99.00 99.00 999 1021.9  28.6 999.0 999.0 99.0
77 07 13 21 091 04.8 99.0 99.00 99.00 99.00 999 1021.0  28.9 999.0 999.0 99.0
77 07 14 00 089 05.8 99.0 99.00 99.00 99.00 999 1020.3  28.9 999.0 999.0 99.0
77 07 14 03 065 05.4 99.0 99.00 99.00 99.00 999 1021.4  27.9 999.0 999.0 99.0
77 07 14 06 085 05.4 99.0 99.00 99.00 99.00 999 1020.7  28.5 999.0 999.0 99.0
77 07 14 09 105 04.5 99.0 99.00 99.00 99.00 999 1019.5  27.6 999.0 999.0 99.0
77 07 14 12 071 04.9 99.0 99.00 99.00 99.00 999 1020.8  27.9 999.0 999.0 99.0
77 07 14 15 063 04.2 99.0 99.00 99.00 99.00 999 1021.5  28.3 999.0 999.0 99.0
77 07 14 18 094 02.5 99.0 99.00 99.00 99.00 999 1021.4  28.9 999.0 999.0 99.0
77 07 14 21 084 04.0 99.0 99.00 99.00 99.00 999 1020.1  29.5 999.0 999.0 99.0
77 07 15 00 095 04.1 99.0 99.00 99.00 99.00 999 1019.7  28.0 999.0 999.0 99.0
77 07 15 03 113 03.2 99.0 99.00 99.00 99.00 999 1020.4  28.1 999.0 999.0 99.0
77 07 15 06 123 04.2 99.0 99.00 99.00 99.00 999 1019.6  28.4 999.0 999.0 99.0
77 07 15 09 119 03.3 99.0 99.00 99.00 99.00 999 1019.3  28.4 999.0 999.0 99.0
77 07 15 12 111 02.5 99.0 99.00 99.00 99.00 999 1020.6  28.1 999.0 999.0 99.0
77 07 15 15 085 04.6 99.0 99.00 99.00 99.00 999 1021.9  28.9 999.0 999.0 99.0
77 07 15 18 063 05.5 99.0 99.00 99.00 99.00 999 1021.3  29.0 999.0 999.0 99.0
77 07 15 21 090 03.1 99.0 99.00 99.00 99.00 999 1020.0  28.4 999.0 999.0 99.0
77 07 16 00 104 02.8 99.0 99.00 99.00 99.00 999 1020.1  28.2 999.0 999.0 99.0
77 07 16 03 113 02.6 99.0 99.00 99.00 99.00 999 1020.4  27.8 999.0 999.0 99.0
77 07 16 06 106 02.5 99.0 99.00 99.00 99.00 999 1020.5  28.0 999.0 999.0 99.0
77 07 16 09 116 03.0 99.0 99.00 99.00 99.00 999 1020.1  28.3 999.0 999.0 99.0
77 07 16 12 097 02.6 99.0 99.00 99.00 99.00 999 1021.3  27.8 999.0 999.0 99.0
77 07 16 15 104 02.2 99.0 99.00 99.00 99.00 999 1022.2  28.2 999.0 999.0 99.0
77 07 16 18 080 04.4 99.0 99.00 99.00 99.00 999 1021.9  27.7 999.0 999.0 99.0
77 07 16 21 149 05.2 99.0 99.00 99.00 99.00 999 1020.8  28.1 999.0 999.0 99.0
77 07 17 00 173 04.2 99.0 99.00 99.00 99.00 999 1021.4  27.6 999.0 999.0 99.0
77 07 17 03 075 01.5 99.0 99.00 99.00 99.00 999 1022.3  27.2 999.0 999.0 99.0
77 07 17 06 118 02.7 99.0 99.00 99.00 99.00 999 1022.4  27.4 999.0 999.0 99.0
77 07 17 09 110 01.3 99.0 99.00 99.00 99.00 999 1021.2  27.7 999.0 999.0 99.0
77 07 17 12 109 03.5 99.0 99.00 99.00 99.00 999 1021.5  27.4 999.0 999.0 99.0
77 07 17 15 106 02.8 99.0 99.00 99.00 99.00 999 1022.2  28.5 999.0 999.0 99.0
77 07 17 18 108 03.9 99.0 99.00 99.00 99.00 999 1022.0  28.1 999.0 999.0 99.0
77 07 17 21 128 05.2 99.0 99.00 99.00 99.00 999 1021.4  25.7 999.0 999.0 99.0
77 07 18 00 133 02.7 99.0 99.00 99.00 99.00 999 1021.3  26.6 999.0 999.0 99.0
77 07 18 03 112 03.5 99.0 99.00 99.00 99.00 999 1021.3  27.1 999.0 999.0 99.0
77 07 18 06 109 03.9 99.0 99.00 99.00 99.00 999 1021.2  27.0 999.0 999.0 99.0
77 07 18 09 167 03.7 99.0 99.00 99.00 99.00 999 1020.6  27.2 999.0 999.0 99.0
77 07 18 12 199 03.2 99.0 99.00 99.00 99.00 999 1021.5  26.5 999.0 999.0 99.0
77 07 18 15 140 04.7 99.0 99.00 99.00 99.00 999 1022.8  26.1 999.0 999.0 99.0
77 07 18 18 143 06.4 99.0 99.00 99.00 99.00 999 1022.0  26.6 999.0 999.0 99.0
77 07 18 21 170 06.5 99.0 99.00 99.00 99.00 999 1021.0  27.1 999.0 999.0 99.0
77 07 19 00 147 06.1 99.0 99.00 99.00 99.00 999 1021.6  28.0 999.0 999.0 99.0
77 07 19 03 165 06.3 99.0 99.00 99.00 99.00 999 1022.6  27.5 999.0 999.0 99.0
77 07 19 06 177 06.0 99.0 99.00 99.00 99.00 999 1022.2  27.8 999.0 999.0 99.0
77 07 19 09 166 05.2 99.0 99.00 99.00 99.00 999 1021.6 999.0 999.0 999.0 99.0
77 07 19 12 138 04.5 99.0 99.00 99.00 99.00 999 1022.0  27.5 999.0 999.0 99.0
77 07 19 15 143 04.4 99.0 99.00 99.00 99.00 999 1022.6  28.0 999.0 999.0 99.0
77 07 19 18 155 04.0 99.0 99.00 99.00 99.00 999 1022.8  28.1 999.0 999.0 99.0
77 07 19 21 133 04.3 99.0 99.00 99.00 99.00 999 1021.7  28.4 999.0 999.0 99.0
77 07 20 00 159 06.9 99.0 99.00 99.00 99.00 999 1021.0  28.4 999.0 999.0 99.0
77 07 20 03 178 06.3 99.0 99.00 99.00 99.00 999 1022.0  27.7 999.0 999.0 99.0
77 07 20 06 197 03.6 99.0 99.00 99.00 99.00 999 1021.1  27.8 999.0 999.0 99.0
77 07 20 12 165 05.1 99.0 99.00 99.00 99.00 999 1021.2  28.1 999.0 999.0 99.0
77 07 20 15 225 01.9 99.0 99.00 99.00 99.00 999 1022.9  27.2 999.0 999.0 99.0
77 07 20 18 212 00.8 99.0 99.00 99.00 99.00 999 1022.1  27.1 999.0 999.0 99.0
77 07 20 21 168 01.0 99.0 99.00 99.00 99.00 999 1020.9  28.5 999.0 999.0 99.0
77 07 21 00 166 04.1 99.0 99.00 99.00 99.00 999 1019.8  28.0 999.0 999.0 99.0
77 07 21 03 179 03.8 99.0 99.00 99.00 99.00 999 1021.1  27.3 999.0 999.0 99.0
77 07 21 09 216 05.2 99.0 99.00 99.00 99.00 999 1020.2  27.0 999.0 999.0 99.0
77 07 21 12 238 03.7 99.0 99.00 99.00 99.00 999 1020.9  27.0 999.0 999.0 99.0
77 07 21 15 247 03.7 99.0 99.00 99.00 99.00 999 1021.5  27.7 999.0 999.0 99.0
77 07 21 18 230 05.3 99.0 99.00 99.00 99.00 999 1021.1  27.0 999.0 999.0 99.0
77 07 21 21 211 06.0 99.0 99.00 99.00 99.00 999 1019.7  27.6 999.0 999.0 99.0
77 07 22 00 192 06.3 99.0 99.00 99.00 99.00 999 1018.1  27.9 999.0 999.0 99.0
77 07 22 03 200 08.0 99.0 99.00 99.00 99.00 999 1018.4  28.0 999.0 999.0 99.0
77 07 22 06 222 08.1 99.0 99.00 99.00 99.00 999 1018.0  28.0 999.0 999.0 99.0
77 07 22 12 267 06.3 99.0 99.00 99.00 99.00 999 1018.0  28.0 999.0 999.0 99.0
77 07 22 15 286 05.4 99.0 99.00 99.00 99.00 999 1018.4  28.0 999.0 999.0 99.0
77 07 22 18 262 05.9 99.0 99.00 99.00 99.00 999 1017.7  27.9 999.0 999.0 99.0
77 07 22 21 234 03.7 99.0 99.00 99.00 99.00 999 1016.2  28.4 999.0 999.0 99.0
77 07 23 00 205 06.0 99.0 99.00 99.00 99.00 999 1015.5  28.7 999.0 999.0 99.0
77 07 23 03 324 05.2 99.0 99.00 99.00 99.00 999 1016.6  26.5 999.0 999.0 99.0
77 07 23 06 258 02.1 99.0 99.00 99.00 99.00 999 1016.3  27.6 999.0 999.0 99.0
77 07 23 12 345 06.6 99.0 99.00 99.00 99.00 999 1017.1  27.4 999.0 999.0 99.0
77 07 23 15 007 05.2 99.0 99.00 99.00 99.00 999 1018.0  27.4 999.0 999.0 99.0
77 07 23 18 999 99.0 99.0 99.00 99.00 99.00 999 1018.0  26.5 999.0 999.0 99.0
77 07 24 00 058 10.3 99.0 99.00 99.00 99.00 999 1018.5  28.4 999.0 999.0 99.0
77 07 24 03 079 10.3 99.0 99.00 99.00 99.00 999 1019.1  28.1 999.0 999.0 99.0
77 07 24 06 076 09.9 99.0 99.00 99.00 99.00 999 1019.0  27.7 999.0 999.0 99.0
77 07 24 09 077 09.5 99.0 99.00 99.00 99.00 999 1017.7  27.2 999.0 999.0 99.0
77 07 24 12 080 09.9 99.0 99.00 99.00 99.00 999 1019.0  27.5 999.0 999.0 99.0
77 07 24 15 078 09.0 99.0 99.00 99.00 99.00 999 1020.2  27.4 999.0 999.0 99.0
77 07 24 18 081 07.6 99.0 99.00 99.00 99.00 999 1020.1  27.5 999.0 999.0 99.0
77 07 24 21 070 07.6 99.0 99.00 99.00 99.00 999 1019.0  28.1 999.0 999.0 99.0
77 07 25 00 075 05.8 99.0 99.00 99.00 99.00 999 1018.9  27.6 999.0 999.0 99.0
77 07 25 03 100 05.6 99.0 99.00 99.00 99.00 999 1019.2  27.5 999.0 999.0 99.0
77 07 25 06 099 05.8 99.0 99.00 99.00 99.00 999 1018.8  27.1 999.0 999.0 99.0
77 07 25 09 098 04.9 99.0 99.00 99.00 99.00 999 1017.9  27.2 999.0 999.0 99.0
77 07 25 12 099 05.6 99.0 99.00 99.00 99.00 999 1018.3  27.3 999.0 999.0 99.0
77 07 25 15 133 03.7 99.0 99.00 99.00 99.00 999 1019.3  27.4 999.0 999.0 99.0
77 07 25 18 215 07.8 99.0 99.00 99.00 99.00 999 1019.0  26.4 999.0 999.0 99.0
77 07 25 21 232 03.1 99.0 99.00 99.00 99.00 999 1017.3  28.3 999.0 999.0 99.0
77 07 26 00 207 02.9 99.0 99.00 99.00 99.00 999 1017.1  27.9 999.0 999.0 99.0
77 07 26 03 187 02.9 99.0 99.00 99.00 99.00 999 1018.4  28.1 999.0 999.0 99.0
77 07 26 06 191 09.3 99.0 99.00 99.00 99.00 999 1017.3  27.7 999.0 999.0 99.0
77 07 26 09 201 10.1 99.0 99.00 99.00 99.00 999 1016.5  27.2 999.0 999.0 99.0
77 07 26 12 213 07.7 99.0 99.00 99.00 99.00 999 1018.0  27.3 999.0 999.0 99.0
77 07 26 15 250 05.9 99.0 99.00 99.00 99.00 999 1019.1  27.3 999.0 999.0 99.0
77 07 26 18 234 06.0 99.0 99.00 99.00 99.00 999 1018.8  27.8 999.0 999.0 99.0
77 07 26 21 190 06.6 99.0 99.00 99.00 99.00 999 1017.0  27.8 999.0 999.0 99.0
77 07 27 00 177 08.3 99.0 99.00 99.00 99.00 999 1016.8  28.3 999.0 999.0 99.0
77 07 27 03 183 10.0 99.0 99.00 99.00 99.00 999 1017.6  28.5 999.0 999.0 99.0
77 07 27 06 205 09.5 99.0 99.00 99.00 99.00 999 1017.1  27.2 999.0 999.0 99.0
77 07 27 09 225 07.0 99.0 99.00 99.00 99.00 999 1016.7  27.0 999.0 999.0 99.0
77 07 27 12 273 03.1 99.0 99.00 99.00 99.00 999 1017.6  27.0 999.0 999.0 99.0
77 07 27 15 261 01.9 99.0 99.00 99.00 99.00 999 1019.1  27.7 999.0 999.0 99.0
77 07 27 18 251 01.9 99.0 99.00 99.00 99.00 999 1018.4  27.4 999.0 999.0 99.0
77 07 27 21 099 00.9 99.0 99.00 99.00 99.00 999 1017.5  28.2 999.0 999.0 99.0
77 07 28 00 062 07.0 99.0 99.00 99.00 99.00 999 1018.0  27.6 999.0 999.0 99.0
77 07 28 12 218 02.2 99.0 99.00 99.00 99.00 999 1020.1  25.6 999.0 999.0 99.0
77 07 28 15 246 00.8 99.0 99.00 99.00 99.00 999 1021.5  26.7 999.0 999.0 99.0
77 07 28 18 316 01.4 99.0 99.00 99.00 99.00 999 1021.6  26.8 999.0 999.0 99.0
77 07 28 21 328 00.3 99.0 99.00 99.00 99.00 999 1020.4  28.6 999.0 999.0 99.0
77 07 29 00 137 02.9 99.0 99.00 99.00 99.00 999 1020.5  27.8 999.0 999.0 99.0
77 07 29 03 225 05.1 99.0 99.00 99.00 99.00 999 1021.6  27.7 999.0 999.0 99.0
77 07 30 03 224 06.5 99.0 99.00 99.00 99.00 999 1020.2  27.3 999.0 999.0 99.0
77 07 30 09 215 07.4 99.0 99.00 99.00 99.00 999 1017.8  27.4 999.0 999.0 99.0
77 07 30 12 258 06.9 99.0 99.00 99.00 99.00 999 1019.0  27.1 999.0 999.0 99.0
77 07 30 15 257 05.3 99.0 99.00 99.00 99.00 999 1019.5  26.6 999.0 999.0 99.0
77 07 30 18 271 03.7 99.0 99.00 99.00 99.00 999 1018.6  27.2 999.0 999.0 99.0
77 07 30 21 184 03.1 99.0 99.00 99.00 99.00 999 1016.6  28.3 999.0 999.0 99.0
77 07 31 00 232 05.4 99.0 99.00 99.00 99.00 999 1017.5  25.5 999.0 999.0 99.0
77 07 31 03 223 07.5 99.0 99.00 99.00 99.00 999 1018.3  26.7 999.0 999.0 99.0
77 07 31 06 224 07.5 99.0 99.00 99.00 99.00 999 1016.6  26.7 999.0 999.0 99.0
77 07 31 09 230 06.7 99.0 99.00 99.00 99.00 999 1016.1  26.5 999.0 999.0 99.0
77 07 31 12 238 08.0 99.0 99.00 99.00 99.00 999 1017.3  27.2 999.0 999.0 99.0
77 07 31 15 247 07.1 99.0 99.00 99.00 99.00 999 1017.9  27.7 999.0 999.0 99.0
77 07 31 18 244 05.9 99.0 99.00 99.00 99.00 999 1017.4  27.6 999.0 999.0 99.0
77 07 31 21 232 05.5 99.0 99.00 99.00 99.00 999 1016.5  28.0 999.0 999.0 99.0
77 08 01 00 195 07.2 99.0 99.00 99.00 99.00 999 1016.4  28.0 999.0 999.0 99.0
77 08 01 03 216 08.1 99.0 99.00 99.00 99.00 999 1017.6  27.1 999.0 999.0 99.0
77 08 01 06 215 08.6 99.0 99.00 99.00 99.00 999 1017.2  27.1 999.0 999.0 99.0
77 08 01 09 217 07.6 99.0 99.00 99.00 99.00 999 1017.1  27.0 999.0 999.0 99.0
77 08 01 12 217 06.3 99.0 99.00 99.00 99.00 999 1017.9  27.1 999.0 999.0 99.0
77 08 01 15 217 07.8 99.0 99.00 99.00 99.00 999 1018.6  27.0 999.0 999.0 99.0
77 08 01 18 207 07.1 99.0 99.00 99.00 99.00 999 1018.5  27.9 999.0 999.0 99.0
77 08 01 21 244 06.7 99.0 99.00 99.00 99.00 999 1017.6  26.7 999.0 999.0 99.0
77 08 02 00 204 08.0 99.0 99.00 99.00 99.00 999 1017.1  27.0 999.0 999.0 99.0
77 08 02 03 196 07.0 99.0 99.00 99.00 99.00 999 1018.1  27.4 999.0 999.0 99.0
77 08 02 06 196 08.4 99.0 99.00 99.00 99.00 999 1017.9  28.0 999.0 999.0 99.0
77 08 02 12 196 06.5 99.0 99.00 99.00 99.00 999 1018.3  27.6 999.0 999.0 99.0
77 08 02 15 193 07.2 99.0 99.00 99.00 99.00 999 1019.3  28.1 999.0 999.0 99.0
77 08 02 18 193 07.5 99.0 99.00 99.00 99.00 999 1018.8  28.4 999.0 999.0 99.0
77 08 02 21 179 07.0 99.0 99.00 99.00 99.00 999 1017.9  28.0 999.0 999.0 99.0
77 08 03 00 167 09.9 99.0 99.00 99.00 99.00 999 1018.0  28.5 999.0 999.0 99.0
77 08 03 03 162 09.5 99.0 99.00 99.00 99.00 999 1019.1  28.3 999.0 999.0 99.0
77 08 03 09 177 10.2 99.0 99.00 99.00 99.00 999 1018.4  28.3 999.0 999.0 99.0
77 08 03 12 175 08.0 99.0 99.00 99.00 99.00 999 1019.9  29.0 999.0 999.0 99.0
77 08 03 15 174 08.1 99.0 99.00 99.00 99.00 999 1020.3  28.6 999.0 999.0 99.0
77 08 03 18 181 07.7 99.0 99.00 99.00 99.00 999 1020.1  28.6 999.0 999.0 99.0
77 08 03 21 191 06.4 99.0 99.00 99.00 99.00 999 1019.0  29.4 999.0 999.0 99.0
77 08 04 00 167 06.6 99.0 99.00 99.00 99.00 999 1020.0  28.8 999.0 999.0 99.0
77 08 04 03 148 06.9 99.0 99.00 99.00 99.00 999 1021.3  28.7 999.0 999.0 99.0
77 08 04 06 159 07.6 99.0 99.00 99.00 99.00 999 1021.4  28.3 999.0 999.0 99.0
77 08 04 12 141 03.7 99.0 99.00 99.00 99.00 999 1022.1  27.5 999.0 999.0 99.0
77 08 04 15 152 06.2 99.0 99.00 99.00 99.00 999 1022.8  29.0 999.0 999.0 99.0
77 08 04 18 150 06.7 99.0 99.00 99.00 99.00 999 1022.8  28.6 999.0 999.0 99.0
77 08 04 21 151 06.0 99.0 99.00 99.00 99.00 999 1022.1  29.0 999.0 999.0 99.0
77 08 05 00 126 05.3 99.0 99.00 99.00 99.00 999 1022.8  28.7 999.0 999.0 99.0
77 08 05 03 118 05.4 99.0 99.00 99.00 99.00 999 1023.9  28.9 999.0 999.0 99.0
77 08 05 06 122 05.4 99.0 99.00 99.00 99.00 999 1023.5  28.2 999.0 999.0 99.0
77 08 05 12 114 04.5 99.0 99.00 99.00 99.00 999 1023.9  28.9 999.0 999.0 99.0
77 08 05 15 108 03.9 99.0 99.00 99.00 99.00 999 1024.7  29.2 999.0 999.0 99.0
77 08 05 18 109 02.7 99.0 99.00 99.00 99.00 999 1024.6  28.6 999.0 999.0 99.0
77 08 05 21 109 04.7 99.0 99.00 99.00 99.00 999 1023.2  29.3 999.0 999.0 99.0
77 08 06 00 099 06.1 99.0 99.00 99.00 99.00 999 1023.3  28.6 999.0 999.0 99.0
77 08 06 03 104 03.9 99.0 99.00 99.00 99.00 999 1024.1  27.8 999.0 999.0 99.0
77 08 06 06 108 03.1 99.0 99.00 99.00 99.00 999 1023.1  27.8 999.0 999.0 99.0
77 08 06 09 121 04.1 99.0 99.00 99.00 99.00 999 1022.1  27.9 999.0 999.0 99.0
77 08 06 12 110 02.8 99.0 99.00 99.00 99.00 999 1023.4  28.0 999.0 999.0 99.0
77 08 06 15 100 02.9 99.0 99.00 99.00 99.00 999 1024.5  29.0 999.0 999.0 99.0
77 08 06 18 087 05.1 99.0 99.00 99.00 99.00 999 1024.0  28.1 999.0 999.0 99.0
77 08 06 21 086 06.0 99.0 99.00 99.00 99.00 999 1022.5  28.7 999.0 999.0 99.0
77 08 07 00 097 06.1 99.0 99.00 99.00 99.00 999 1022.5  28.4 999.0 999.0 99.0
77 08 07 03 107 03.6 99.0 99.00 99.00 99.00 999 1022.7  27.8 999.0 999.0 99.0
77 08 07 09 106 02.8 99.0 99.00 99.00 99.00 999 1021.2  28.0 999.0 999.0 99.0
77 08 07 12 102 02.9 99.0 99.00 99.00 99.00 999 1022.5  27.8 999.0 999.0 99.0
77 08 07 15 096 03.1 99.0 99.00 99.00 99.00 999 1022.6  28.1 999.0 999.0 99.0
77 08 07 18 097 02.1 99.0 99.00 99.00 99.00 999 1021.9  28.9 999.0 999.0 99.0
77 08 07 21 106 03.3 99.0 99.00 99.00 99.00 999 1020.9  28.3 999.0 999.0 99.0
77 08 08 00 100 03.2 99.0 99.00 99.00 99.00 999 1020.8  27.9 999.0 999.0 99.0
77 08 08 03 114 03.0 99.0 99.00 99.00 99.00 999 1021.7  28.2 999.0 999.0 99.0
77 08 08 06 110 03.4 99.0 99.00 99.00 99.00 999 1020.9  28.8 999.0 999.0 99.0
77 08 08 12 131 02.4 99.0 99.00 99.00 99.00 999 1020.9  27.8 999.0 999.0 99.0
77 08 08 15 067 02.1 99.0 99.00 99.00 99.00 999 1021.6  28.6 999.0 999.0 99.0
77 08 08 18 093 02.5 99.0 99.00 99.00 99.00 999 1021.1  29.2 999.0 999.0 99.0
77 08 08 21 122 03.9 99.0 99.00 99.00 99.00 999 1019.1  28.2 999.0 999.0 99.0
77 08 09 00 136 03.7 99.0 99.00 99.00 99.00 999 1018.9  27.9 999.0 999.0 99.0
77 08 09 03 124 02.4 99.0 99.00 99.00 99.00 999 1020.4  28.1 999.0 999.0 99.0
77 08 09 06 141 03.3 99.0 99.00 99.00 99.00 999 1019.3  28.4 999.0 999.0 99.0
77 08 09 09 145 04.7 99.0 99.00 99.00 99.00 999 1018.1  28.3 999.0 999.0 99.0
77 08 09 12 149 04.8 99.0 99.00 99.00 99.00 999 1019.5  28.5 999.0 999.0 99.0
77 08 09 15 150 02.8 99.0 99.00 99.00 99.00 999 1020.4  28.4 999.0 999.0 99.0
77 08 09 18 156 02.5 99.0 99.00 99.00 99.00 999 1019.6  29.4 999.0 999.0 99.0
77 08 09 21 130 04.5 99.0 99.00 99.00 99.00 999 1018.1  29.2 999.0 999.0 99.0
77 08 10 00 131 04.0 99.0 99.00 99.00 99.00 999 1019.2  28.2 999.0 999.0 99.0
77 08 10 03 152 05.4 99.0 99.00 99.00 99.00 999 1020.7  28.8 999.0 999.0 99.0
77 08 10 06 170 03.5 99.0 99.00 99.00 99.00 999 1020.2  28.6 999.0 999.0 99.0
77 08 10 12 135 03.8 99.0 99.00 99.00 99.00 999 1020.5  28.0 999.0 999.0 99.0
77 08 10 15 167 04.0 99.0 99.00 99.00 99.00 999 1021.9  28.0 999.0 999.0 99.0
77 08 10 18 150 03.5 99.0 99.00 99.00 99.00 999 1021.7  29.1 999.0 999.0 99.0
77 08 10 21 151 02.1 99.0 99.00 99.00 99.00 999 1020.5  28.9 999.0 999.0 99.0
77 08 11 00 150 05.2 99.0 99.00 99.00 99.00 999 1021.3  28.8 999.0 999.0 99.0
77 08 11 06 146 03.9 99.0 99.00 99.00 99.00 999 1021.9  28.2 999.0 999.0 99.0
77 08 11 12 134 04.3 99.0 99.00 99.00 99.00 999 1021.9  28.1 999.0 999.0 99.0
77 08 11 15 095 03.7 99.0 99.00 99.00 99.00 999 1023.1  27.8 999.0 999.0 99.0
77 08 11 18 118 03.5 99.0 99.00 99.00 99.00 999 1023.3  28.5 999.0 999.0 99.0
77 08 11 21 101 04.3 99.0 99.00 99.00 99.00 999 1021.5  28.3 999.0 999.0 99.0
77 08 12 00 112 03.4 99.0 99.00 99.00 99.00 999 1021.4  28.3 999.0 999.0 99.0
77 08 12 03 145 03.5 99.0 99.00 99.00 99.00 999 1022.8  28.5 999.0 999.0 99.0
77 08 12 06 191 01.7 99.0 99.00 99.00 99.00 999 1021.8  27.4 999.0 999.0 99.0
77 08 12 09 081 01.2 99.0 99.00 99.00 99.00 999 1020.3  26.9 999.0 999.0 99.0
77 08 12 12 094 03.5 99.0 99.00 99.00 99.00 999 1020.6  28.4 999.0 999.0 99.0
77 08 12 15 107 05.4 99.0 99.00 99.00 99.00 999 1021.5  28.7 999.0 999.0 99.0
77 08 12 18 145 12.5 99.0 99.00 99.00 99.00 999 1021.4  24.0 999.0 999.0 99.0
77 08 13 00 119 06.2 99.0 99.00 99.00 99.00 999 1018.7  27.2 999.0 999.0 99.0
77 08 13 03 132 04.4 99.0 99.00 99.00 99.00 999 1020.6  23.8 999.0 999.0 99.0
77 08 13 06 131 04.4 99.0 99.00 99.00 99.00 999 1019.4  27.5 999.0 999.0 99.0
77 08 13 09 194 05.6 99.0 99.00 99.00 99.00 999 1018.1  25.3 999.0 999.0 99.0
77 08 13 12 123 04.9 99.0 99.00 99.00 99.00 999 1018.2  27.5 999.0 999.0 99.0
77 08 13 15 137 04.4 99.0 99.00 99.00 99.00 999 1019.4  27.6 999.0 999.0 99.0
77 08 13 18 165 01.8 99.0 99.00 99.00 99.00 999 1019.2  25.0 999.0 999.0 99.0
77 08 13 21 075 01.8 99.0 99.00 99.00 99.00 999 1017.9  26.0 999.0 999.0 99.0
77 08 14 00 125 05.4 99.0 99.00 99.00 99.00 999 1018.2  26.8 999.0 999.0 99.0
77 08 14 03 128 04.4 99.0 99.00 99.00 99.00 999 1018.9  27.8 999.0 999.0 99.0
77 08 14 06 145 07.3 99.0 99.00 99.00 99.00 999 1018.9  27.5 999.0 999.0 99.0
77 08 14 09 164 08.1 99.0 99.00 99.00 99.00 999 1018.0  28.0 999.0 999.0 99.0
77 08 14 12 169 07.4 99.0 99.00 99.00 99.00 999 1018.9  27.6 999.0 999.0 99.0
77 08 14 15 180 07.4 99.0 99.00 99.00 99.00 999 1020.4  27.2 999.0 999.0 99.0
77 08 14 18 198 00.9 99.0 99.00 99.00 99.00 999 1020.3  26.0 999.0 999.0 99.0
77 08 14 21 085 01.3 99.0 99.00 99.00 99.00 999 1019.0  28.3 999.0 999.0 99.0
77 08 15 00 158 05.1 99.0 99.00 99.00 99.00 999 1019.3  28.8 999.0 999.0 99.0
77 08 15 03 160 05.6 99.0 99.00 99.00 99.00 999 1021.3  28.0 999.0 999.0 99.0
77 08 15 06 154 05.6 99.0 99.00 99.00 99.00 999 1020.7  27.3 999.0 999.0 99.0
77 08 15 12 205 02.6 99.0 99.00 99.00 99.00 999 1022.5  28.3 999.0 999.0 99.0
77 08 15 15 253 01.7 99.0 99.00 99.00 99.00 999 1023.9  27.9 999.0 999.0 99.0
77 08 15 18 205 02.2 99.0 99.00 99.00 99.00 999 1023.5  27.6 999.0 999.0 99.0
77 08 15 21 173 02.9 99.0 99.00 99.00 99.00 999 1021.7  28.9 999.0 999.0 99.0
77 08 16 00 170 04.3 99.0 99.00 99.00 99.00 999 1021.8  28.5 999.0 999.0 99.0
77 08 16 03 158 05.4 99.0 99.00 99.00 99.00 999 1022.9  28.1 999.0 999.0 99.0
77 08 16 09 999 99.0 99.0 99.00 99.00 99.00 999 1021.3  28.2 999.0 999.0 99.0
77 08 16 12 172 04.7 99.0 99.00 99.00 99.00 999 1023.0  28.2 999.0 999.0 99.0
77 08 16 15 204 03.2 99.0 99.00 99.00 99.00 999 1024.4  27.8 999.0 999.0 99.0
77 08 16 18 300 01.3 99.0 99.00 99.00 99.00 999 1023.6  27.0 999.0 999.0 99.0
77 08 16 21 140 03.4 99.0 99.00 99.00 99.00 999 1021.8  28.5 999.0 999.0 99.0
77 08 17 00 150 06.5 99.0 99.00 99.00 99.00 999 1020.9  28.5 999.0 999.0 99.0
77 08 17 03 151 07.1 99.0 99.00 99.00 99.00 999 1022.2  28.0 999.0 999.0 99.0
77 08 17 06 150 06.3 99.0 99.00 99.00 99.00 999 1020.8  28.0 999.0 999.0 99.0
77 08 17 09 152 04.7 99.0 99.00 99.00 99.00 999 1020.3  28.0 999.0 999.0 99.0
77 08 17 12 156 05.3 99.0 99.00 99.00 99.00 999 1020.3  27.5 999.0 999.0 99.0
77 08 17 15 164 01.9 99.0 99.00 99.00 99.00 999 1021.2  28.8 999.0 999.0 99.0
77 08 17 18 184 01.5 99.0 99.00 99.00 99.00 999 1020.0  28.1 999.0 999.0 99.0
77 08 17 21 152 02.0 99.0 99.00 99.00 99.00 999 1018.6  28.8 999.0 999.0 99.0
77 08 18 00 148 03.6 99.0 99.00 99.00 99.00 999 1017.2  26.1 999.0 999.0 99.0
77 08 18 03 163 06.1 99.0 99.00 99.00 99.00 999 1018.3  27.2 999.0 999.0 99.0
77 08 18 06 207 06.7 99.0 99.00 99.00 99.00 999 1017.1  27.3 999.0 999.0 99.0
77 08 18 09 229 06.9 99.0 99.00 99.00 99.00 999 1016.2  27.0 999.0 999.0 99.0
77 08 18 12 217 06.2 99.0 99.00 99.00 99.00 999 1017.1  26.7 999.0 999.0 99.0
77 08 18 15 215 04.3 99.0 99.00 99.00 99.00 999 1017.8  27.0 999.0 999.0 99.0
77 08 18 18 228 04.5 99.0 99.00 99.00 99.00 999 1017.3  27.8 999.0 999.0 99.0
77 08 18 21 184 05.6 99.0 99.00 99.00 99.00 999 1015.2  28.0 999.0 999.0 99.0
77 08 19 00 183 08.2 99.0 99.00 99.00 99.00 999 1015.4  27.9 999.0 999.0 99.0
77 08 19 03 205 07.6 99.0 99.00 99.00 99.00 999 1017.1  28.3 999.0 999.0 99.0
77 08 19 06 236 06.0 99.0 99.00 99.00 99.00 999 1016.1  27.8 999.0 999.0 99.0
77 08 19 09 238 06.8 99.0 99.00 99.00 99.00 999 1015.2  26.9 999.0 999.0 99.0
77 08 19 12 241 06.9 99.0 99.00 99.00 99.00 999 1016.5  27.5 999.0 999.0 99.0
77 08 19 15 229 06.7 99.0 99.00 99.00 99.00 999 1017.1  27.3 999.0 999.0 99.0
77 08 19 18 222 06.8 99.0 99.00 99.00 99.00 999 1016.6  27.9 999.0 999.0 99.0
77 08 19 21 272 08.2 99.0 99.00 99.00 99.00 999 1016.4  26.1 999.0 999.0 99.0
77 08 20 00 244 05.2 99.0 99.00 99.00 99.00 999 1015.8  27.0 999.0 999.0 99.0
77 08 20 03 234 07.5 99.0 99.00 99.00 99.00 999 1016.6  27.9 999.0 999.0 99.0
77 08 20 06 255 07.4 99.0 99.00 99.00 99.00 999 1016.3  27.0 999.0 999.0 99.0
77 08 20 09 253 09.1 99.0 99.00 99.00 99.00 999 1015.0  27.0 999.0 999.0 99.0
77 08 20 12 233 07.5 99.0 99.00 99.00 99.00 999 1015.6  27.1 999.0 999.0 99.0
77 08 20 15 267 09.0 99.0 99.00 99.00 99.00 999 1015.7  25.9 999.0 999.0 99.0
77 08 20 18 249 10.0 99.0 99.00 99.00 99.00 999 1015.7  26.5 999.0 999.0 99.0
77 08 20 21 270 09.5 99.0 99.00 99.00 99.00 999 1015.6  26.5 999.0 999.0 99.0
77 08 21 00 290 05.9 99.0 99.00 99.00 99.00 999 1015.8  25.2 999.0 999.0 99.0
77 08 21 03 253 05.8 99.0 99.00 99.00 99.00 999 1016.6  26.4 999.0 999.0 99.0
77 08 21 06 251 02.9 99.0 99.00 99.00 99.00 999 1015.9  25.8 999.0 999.0 99.0
77 08 21 09 215 06.1 99.0 99.00 99.00 99.00 999 1014.9  27.1 999.0 999.0 99.0
77 08 21 12 227 08.8 99.0 99.00 99.00 99.00 999 1015.2  26.4 999.0 999.0 99.0
77 08 21 15 219 08.9 99.0 99.00 99.00 99.00 999 1015.9  27.0 999.0 999.0 99.0
77 08 21 18 206 09.0 99.0 99.00 99.00 99.00 999 1014.5  27.1 999.0 999.0 99.0
77 08 21 21 210 11.2 99.0 99.00 99.00 99.00 999 1014.5  25.0 999.0 999.0 99.0
77 08 22 00 215 08.6 99.0 99.00 99.00 99.00 999 1014.1  27.0 999.0 999.0 99.0
77 08 22 03 214 10.1 99.0 99.00 99.00 99.00 999 1014.1  27.2 999.0 999.0 99.0
77 08 22 06 225 11.4 99.0 99.00 99.00 99.00 999 1013.3  26.8 999.0 999.0 99.0
77 08 22 09 230 09.7 99.0 99.00 99.00 99.00 999 1012.1  26.0 999.0 999.0 99.0
77 08 22 12 265 07.6 99.0 99.00 99.00 99.00 999 1013.6  26.0 999.0 999.0 99.0
77 08 22 15 314 05.7 99.0 99.00 99.00 99.00 999 1014.5  27.5 999.0 999.0 99.0
77 08 22 18 299 04.4 99.0 99.00 99.00 99.00 999 1014.1  26.5 999.0 999.0 99.0
77 08 22 21 324 03.5 99.0 99.00 99.00 99.00 999 1013.9  26.2 999.0 999.0 99.0
77 08 23 06 294 01.0 99.0 99.00 99.00 99.00 999 1014.4  26.8 999.0 999.0 99.0
77 08 23 09 197 02.1 99.0 99.00 99.00 99.00 999 1014.2  25.6 999.0 999.0 99.0
77 08 23 12 229 01.3 99.0 99.00 99.00 99.00 999 1015.6  26.8 999.0 999.0 99.0
77 08 23 15 229 01.4 99.0 99.00 99.00 99.00 999 1016.8  26.3 999.0 999.0 99.0
77 08 23 18 163 02.3 99.0 99.00 99.00 99.00 999 1016.2  28.0 999.0 999.0 99.0
77 08 23 21 168 04.4 99.0 99.00 99.00 99.00 999 1014.8  27.9 999.0 999.0 99.0
77 08 24 00 179 05.8 99.0 99.00 99.00 99.00 999 1015.4  26.4 999.0 999.0 99.0
77 08 24 03 191 07.3 99.0 99.00 99.00 99.00 999 1016.6  27.0 999.0 999.0 99.0
77 08 24 06 189 07.5 99.0 99.00 99.00 99.00 999 1015.6  27.3 999.0 999.0 99.0
77 08 24 09 191 08.3 99.0 99.00 99.00 99.00 999 1015.2  26.1 999.0 999.0 99.0
77 08 24 12 203 08.0 99.0 99.00 99.00 99.00 999 1016.5  26.4 999.0 999.0 99.0
77 08 24 15 214 07.3 99.0 99.00 99.00 99.00 999 1018.3  27.0 999.0 999.0 99.0
77 08 24 18 210 06.9 99.0 99.00 99.00 99.00 999 1017.3  27.2 999.0 999.0 99.0
77 08 24 21 206 05.0 99.0 99.00 99.00 99.00 999 1016.5  27.7 999.0 999.0 99.0
77 08 25 00 203 03.2 99.0 99.00 99.00 99.00 999 1017.4  27.0 999.0 999.0 99.0
77 08 25 03 191 04.4 99.0 99.00 99.00 99.00 999 1018.7  27.3 999.0 999.0 99.0
77 08 25 06 222 05.8 99.0 99.00 99.00 99.00 999 1018.2  27.0 999.0 999.0 99.0
77 08 25 12 220 05.3 99.0 99.00 99.00 99.00 999 1019.0  27.0 999.0 999.0 99.0
77 08 25 15 224 05.7 99.0 99.00 99.00 99.00 999 1020.4  28.1 999.0 999.0 99.0
77 08 25 18 220 04.1 99.0 99.00 99.00 99.00 999 1019.9  28.1 999.0 999.0 99.0
77 08 25 21 141 02.1 99.0 99.00 99.00 99.00 999 1019.4  27.7 999.0 999.0 99.0
77 08 26 00 119 04.7 99.0 99.00 99.00 99.00 999 1019.7  27.6 999.0 999.0 99.0
77 08 26 03 151 03.9 99.0 99.00 99.00 99.00 999 1020.8  27.6 999.0 999.0 99.0
77 08 26 06 164 04.8 99.0 99.00 99.00 99.00 999 1020.6  27.5 999.0 999.0 99.0
77 08 26 09 129 03.7 99.0 99.00 99.00 99.00 999 1019.8  27.5 999.0 999.0 99.0
77 08 26 12 105 02.0 99.0 99.00 99.00 99.00 999 1021.0  27.5 999.0 999.0 99.0
77 08 26 15 093 04.1 99.0 99.00 99.00 99.00 999 1023.2  27.8 999.0 999.0 99.0
77 08 26 18 090 05.7 99.0 99.00 99.00 99.00 999 1022.5  27.8 999.0 999.0 99.0
77 08 26 21 113 07.1 99.0 99.00 99.00 99.00 999 1021.2  27.8 999.0 999.0 99.0
77 08 27 00 104 04.0 99.0 99.00 99.00 99.00 999 1021.3  27.7 999.0 999.0 99.0
77 08 27 03 106 05.4 99.0 99.00 99.00 99.00 999 1022.4  27.8 999.0 999.0 99.0
77 08 27 06 087 06.6 99.0 99.00 99.00 99.00 999 1022.1  28.3 999.0 999.0 99.0
77 08 27 09 092 08.2 99.0 99.00 99.00 99.00 999 1021.3  28.0 999.0 999.0 99.0
77 08 27 12 088 07.2 99.0 99.00 99.00 99.00 999 1021.9  28.3 999.0 999.0 99.0
77 08 27 15 087 09.2 99.0 99.00 99.00 99.00 999 1023.6  28.5 999.0 999.0 99.0
77 08 27 18 088 09.7 99.0 99.00 99.00 99.00 999 1023.5  28.2 999.0 999.0 99.0
77 08 27 21 098 09.0 99.0 99.00 99.00 99.00 999 1022.0  28.1 999.0 999.0 99.0
77 08 28 00 094 08.7 99.0 99.00 99.00 99.00 999 1022.0  28.4 999.0 999.0 99.0
77 08 28 03 086 08.4 99.0 99.00 99.00 99.00 999 1022.9  27.7 999.0 999.0 99.0
77 08 28 06 097 09.5 99.0 99.00 99.00 99.00 999 1023.0  27.9 999.0 999.0 99.0
77 08 28 12 096 07.8 99.0 99.00 99.00 99.00 999 1023.2  27.8 999.0 999.0 99.0
77 08 28 15 092 07.2 99.0 99.00 99.00 99.00 999 1024.9  28.3 999.0 999.0 99.0
77 08 28 18 086 07.7 99.0 99.00 99.00 99.00 999 1024.5  28.0 999.0 999.0 99.0
77 08 28 21 083 08.1 99.0 99.00 99.00 99.00 999 1022.5  28.0 999.0 999.0 99.0
77 08 29 00 088 06.7 99.0 99.00 99.00 99.00 999 1022.1  27.5 999.0 999.0 99.0
77 08 29 03 090 06.9 99.0 99.00 99.00 99.00 999 1023.0  27.4 999.0 999.0 99.0
77 08 29 06 103 05.9 99.0 99.00 99.00 99.00 999 1022.6  28.0 999.0 999.0 99.0
77 08 29 09 102 05.8 99.0 99.00 99.00 99.00 999 1021.5  27.0 999.0 999.0 99.0
77 08 29 12 096 06.5 99.0 99.00 99.00 99.00 999 1022.2  28.1 999.0 999.0 99.0
77 08 29 15 094 05.1 99.0 99.00 99.00 99.00 999 1022.9  27.3 999.0 999.0 99.0
77 08 29 18 097 07.7 99.0 99.00 99.00 99.00 999 1021.7  28.5 999.0 999.0 99.0
77 08 29 21 094 06.7 99.0 99.00 99.00 99.00 999 1020.4  27.8 999.0 999.0 99.0
77 08 30 00 074 04.5 99.0 99.00 99.00 99.00 999 1020.8  26.3 999.0 999.0 99.0
77 08 30 03 098 06.7 99.0 99.00 99.00 99.00 999 1021.7  27.6 999.0 999.0 99.0
77 08 30 06 100 05.8 99.0 99.00 99.00 99.00 999 1020.8  27.3 999.0 999.0 99.0
77 08 30 12 078 06.8 99.0 99.00 99.00 99.00 999 1020.1  27.3 999.0 999.0 99.0
77 08 30 15 088 07.6 99.0 99.00 99.00 99.00 999 1020.5  28.0 999.0 999.0 99.0
77 08 30 18 999 99.0 99.0 99.00 99.00 99.00 999 9999.0  27.9 999.0 999.0 99.0
77 08 30 21 088 05.5 99.0 99.00 99.00 99.00 999 9999.0  28.0 999.0 999.0 99.0
77 08 31 00 083 05.9 99.0 99.00 99.00 99.00 999 1018.9  28.2 999.0 999.0 99.0
77 08 31 03 101 05.6 99.0 99.00 99.00 99.00 999 1019.9  27.3 999.0 999.0 99.0
77 08 31 06 091 05.2 99.0 99.00 99.00 99.00 999 1019.4  27.7 999.0 999.0 99.0
77 08 31 09 089 05.9 99.0 99.00 99.00 99.00 999 1017.7  27.2 999.0 999.0 99.0
77 08 31 12 080 06.5 99.0 99.00 99.00 99.00 999 1019.0  27.5 999.0 999.0 99.0
77 08 31 15 083 05.7 99.0 99.00 99.00 99.00 999 1020.5  28.0 999.0 999.0 99.0
77 08 31 18 080 06.9 99.0 99.00 99.00 99.00 999 1020.4  28.1 999.0 999.0 99.0
77 08 31 21 076 05.8 99.0 99.00 99.00 99.00 999 1019.2  27.3 999.0 999.0 99.0
77 09 01 00 089 05.8 99.0 99.00 99.00 99.00 999 1019.5  27.5 999.0 999.0 99.0
77 09 01 03 082 07.9 99.0 99.00 99.00 99.00 999 1020.8  27.7 999.0 999.0 99.0
77 09 01 06 073 07.8 99.0 99.00 99.00 99.00 999 1020.1  27.8 999.0 999.0 99.0
77 09 01 09 078 07.4 99.0 99.00 99.00 99.00 999 1019.3  27.3 999.0 999.0 99.0
77 09 01 12 071 07.7 99.0 99.00 99.00 99.00 999 1020.2  27.5 999.0 999.0 99.0
77 09 01 15 081 08.5 99.0 99.00 99.00 99.00 999 1021.1  27.7 999.0 999.0 99.0
77 09 01 18 073 10.6 99.0 99.00 99.00 99.00 999 1020.4  28.2 999.0 999.0 99.0
77 09 01 21 098 11.5 99.0 99.00 99.00 99.00 999 1019.9  26.3 999.0 999.0 99.0
77 09 02 00 070 08.6 99.0 99.00 99.00 99.00 999 1019.3  26.5 999.0 999.0 99.0
77 09 02 03 090 09.4 99.0 99.00 99.00 99.00 999 1020.3  27.5 999.0 999.0 99.0
77 09 02 06 095 08.1 99.0 99.00 99.00 99.00 999 1019.1  27.5 999.0 999.0 99.0
77 09 02 09 131 07.9 99.0 99.00 99.00 99.00 999 1018.5  26.0 999.0 999.0 99.0
77 09 02 12 076 06.0 99.0 99.00 99.00 99.00 999 1019.6  26.2 999.0 999.0 99.0
77 09 02 15 109 06.7 99.0 99.00 99.00 99.00 999 1020.7  26.5 999.0 999.0 99.0
77 09 02 18 186 03.6 99.0 99.00 99.00 99.00 999 1020.5  24.6 999.0 999.0 99.0
77 09 02 21 097 05.1 99.0 99.00 99.00 99.00 999 1020.1  25.4 999.0 999.0 99.0
77 09 03 00 103 03.3 99.0 99.00 99.00 99.00 999 1019.7  25.0 999.0 999.0 99.0
77 09 03 03 122 04.5 99.0 99.00 99.00 99.00 999 1020.4  26.7 999.0 999.0 99.0
77 09 03 06 121 03.5 99.0 99.00 99.00 99.00 999 1019.9  26.9 999.0 999.0 99.0
77 09 03 12 136 05.6 99.0 99.00 99.00 99.00 999 1019.7  26.3 999.0 999.0 99.0
77 09 03 15 132 06.4 99.0 99.00 99.00 99.00 999 1020.6  26.9 999.0 999.0 99.0
77 09 03 18 168 06.3 99.0 99.00 99.00 99.00 999 1019.0  26.4 999.0 999.0 99.0
77 09 03 21 136 04.0 99.0 99.00 99.00 99.00 999 1017.4  27.0 999.0 999.0 99.0
77 09 04 00 154 07.0 99.0 99.00 99.00 99.00 999 1018.4  26.8 999.0 999.0 99.0
77 09 04 03 195 05.8 99.0 99.00 99.00 99.00 999 1019.3  25.2 999.0 999.0 99.0
77 09 04 06 138 02.4 99.0 99.00 99.00 99.00 999 1017.9  25.8 999.0 999.0 99.0
77 09 04 09 173 04.6 99.0 99.00 99.00 99.00 999 1017.4  26.0 999.0 999.0 99.0
77 09 04 12 164 06.6 99.0 99.00 99.00 99.00 999 1018.0  26.3 999.0 999.0 99.0
77 09 04 15 224 08.2 99.0 99.00 99.00 99.00 999 1019.0  25.0 999.0 999.0 99.0
77 09 04 18 208 02.0 99.0 99.00 99.00 99.00 999 1018.1  25.5 999.0 999.0 99.0
77 09 04 21 150 04.7 99.0 99.00 99.00 99.00 999 1016.5  26.3 999.0 999.0 99.0
77 09 05 00 133 04.9 99.0 99.00 99.00 99.00 999 1016.6  26.0 999.0 999.0 99.0
77 09 05 03 146 09.5 99.0 99.00 99.00 99.00 999 1017.5  25.8 999.0 999.0 99.0
77 09 05 06 177 08.8 99.0 99.00 99.00 99.00 999 1016.5  26.6 999.0 999.0 99.0
77 09 05 09 184 08.1 99.0 99.00 99.00 99.00 999 1015.3  26.1 999.0 999.0 99.0
77 09 05 12 207 05.3 99.0 99.00 99.00 99.00 999 1016.2  26.3 999.0 999.0 99.0
77 09 05 15 230 04.7 99.0 99.00 99.00 99.00 999 1017.2  26.3 999.0 999.0 99.0
77 09 05 18 235 03.5 99.0 99.00 99.00 99.00 999 1016.7  27.0 999.0 999.0 99.0
77 09 05 21 205 02.6 99.0 99.00 99.00 99.00 999 1015.5  26.5 999.0 999.0 99.0
77 09 06 00 177 05.2 99.0 99.00 99.00 99.00 999 1016.0  26.3 999.0 999.0 99.0
77 09 06 03 201 05.2 99.0 99.00 99.00 99.00 999 1016.8  26.5 999.0 999.0 99.0
77 09 06 06 209 05.5 99.0 99.00 99.00 99.00 999 1016.2  26.5 999.0 999.0 99.0
77 09 06 09 218 04.9 99.0 99.00 99.00 99.00 999 1015.8  26.1 999.0 999.0 99.0
77 09 06 12 245 03.7 99.0 99.00 99.00 99.00 999 1017.5  26.7 999.0 999.0 99.0
77 09 06 15 277 03.0 99.0 99.00 99.00 99.00 999 1018.4  26.2 999.0 999.0 99.0
77 09 06 18 281 01.7 99.0 99.00 99.00 99.00 999 1017.6  26.6 999.0 999.0 99.0
77 09 06 21 175 01.4 99.0 99.00 99.00 99.00 999 1016.4  27.8 999.0 999.0 99.0
77 09 07 00 185 05.4 99.0 99.00 99.00 99.00 999 1016.8  27.3 999.0 999.0 99.0
77 09 07 03 197 06.0 99.0 99.00 99.00 99.00 999 1017.3  27.5 999.0 999.0 99.0
77 09 07 06 221 06.8 99.0 99.00 99.00 99.00 999 1017.5  27.5 999.0 999.0 99.0
77 09 07 09 221 07.2 99.0 99.00 99.00 99.00 999 1017.7  27.3 999.0 999.0 99.0
77 09 07 12 212 05.8 99.0 99.00 99.00 99.00 999 1018.7  27.4 999.0 999.0 99.0
77 09 07 15 214 06.2 99.0 99.00 99.00 99.00 999 1020.1  27.2 999.0 999.0 99.0
77 09 07 18 214 04.5 99.0 99.00 99.00 99.00 999 1019.0  27.5 999.0 999.0 99.0
77 09 07 21 191 05.9 99.0 99.00 99.00 99.00 999 1017.3  27.3 999.0 999.0 99.0
77 09 08 00 173 07.4 99.0 99.00 99.00 99.00 999 1017.2  28.2 999.0 999.0 99.0
77 09 08 06 201 10.2 99.0 99.00 99.00 99.00 999 1016.7  27.7 999.0 999.0 99.0
77 09 08 09 251 06.8 99.0 99.00 99.00 99.00 999 1016.0  27.0 999.0 999.0 99.0
77 09 08 12 228 06.3 99.0 99.00 99.00 99.00 999 1016.9  27.4 999.0 999.0 99.0
77 09 08 15 218 06.2 99.0 99.00 99.00 99.00 999 1017.9  27.5 999.0 999.0 99.0
77 09 08 18 214 06.6 99.0 99.00 99.00 99.00 999 1016.7  27.1 999.0 999.0 99.0
77 09 08 21 179 07.1 99.0 99.00 99.00 99.00 999 1014.7  28.0 999.0 999.0 99.0
77 09 09 00 178 09.2 99.0 99.00 99.00 99.00 999 1014.7  28.4 999.0 999.0 99.0
77 09 09 03 201 10.6 99.0 99.00 99.00 99.00 999 1016.2  27.9 999.0 999.0 99.0
77 09 09 06 224 07.6 99.0 99.00 99.00 99.00 999 1016.0  28.1 999.0 999.0 99.0
77 09 09 09 238 07.5 99.0 99.00 99.00 99.00 999 1015.4  27.0 999.0 999.0 99.0
77 09 09 12 236 08.0 99.0 99.00 99.00 99.00 999 1016.3  27.0 999.0 999.0 99.0
77 09 09 15 250 08.3 99.0 99.00 99.00 99.00 999 1018.2  27.1 999.0 999.0 99.0
77 09 09 18 254 06.1 99.0 99.00 99.00 99.00 999 1017.2  27.6 999.0 999.0 99.0
77 09 09 21 238 02.9 99.0 99.00 99.00 99.00 999 1015.5  27.5 999.0 999.0 99.0
77 09 10 00 206 03.7 99.0 99.00 99.00 99.00 999 1016.1  28.5 999.0 999.0 99.0
77 09 10 03 208 05.7 99.0 99.00 99.00 99.00 999 1017.8  27.6 999.0 999.0 99.0
77 09 10 06 213 05.6 99.0 99.00 99.00 99.00 999 1017.2  27.4 999.0 999.0 99.0
77 09 10 12 326 01.7 99.0 99.00 99.00 99.00 999 1018.1  27.2 999.0 999.0 99.0
77 09 10 15 280 02.1 99.0 99.00 99.00 99.00 999 1019.2  28.6 999.0 999.0 99.0
77 09 10 18 289 02.6 99.0 99.00 99.00 99.00 999 1018.1  27.8 999.0 999.0 99.0
77 09 10 21 999 99.0 99.0 99.00 99.00 99.00 999 1017.6  27.9 999.0 999.0 99.0
77 09 11 00 180 03.8 99.0 99.00 99.00 99.00 999 1016.7  27.6 999.0 999.0 99.0
77 09 11 03 199 05.0 99.0 99.00 99.00 99.00 999 1018.2  27.9 999.0 999.0 99.0
77 09 11 06 209 07.8 99.0 99.00 99.00 99.00 999 1017.1  28.2 999.0 999.0 99.0
77 09 11 09 251 06.5 99.0 99.00 99.00 99.00 999 1016.2  27.4 999.0 999.0 99.0
77 09 11 12 290 05.3 99.0 99.00 99.00 99.00 999 1017.2  27.8 999.0 999.0 99.0
77 09 11 15 320 04.7 99.0 99.00 99.00 99.00 999 1018.3  27.7 999.0 999.0 99.0
77 09 11 18 318 04.4 99.0 99.00 99.00 99.00 999 1017.6  26.6 999.0 999.0 99.0
77 09 11 21 297 02.0 99.0 99.00 99.00 99.00 999 1016.4  27.2 999.0 999.0 99.0
77 09 12 00 013 02.6 99.0 99.00 99.00 99.00 999 1017.4  27.2 999.0 999.0 99.0
77 09 12 03 021 04.0 99.0 99.00 99.00 99.00 999 1018.9  27.4 999.0 999.0 99.0
77 09 12 06 018 03.4 99.0 99.00 99.00 99.00 999 1018.5  27.5 999.0 999.0 99.0
77 09 12 09 026 02.7 99.0 99.00 99.00 99.00 999 1018.1  27.3 999.0 999.0 99.0
77 09 12 12 062 08.5 99.0 99.00 99.00 99.00 999 1019.3  26.7 999.0 999.0 99.0
77 09 12 15 074 07.7 99.0 99.00 99.00 99.00 999 1021.2  25.9 999.0 999.0 99.0
77 09 12 18 074 08.3 99.0 99.00 99.00 99.00 999 1020.8  27.5 999.0 999.0 99.0
77 09 12 21 090 08.3 99.0 99.00 99.00 99.00 999 1019.2  27.4 999.0 999.0 99.0
77 09 13 00 091 08.9 99.0 99.00 99.00 99.00 999 1019.7  27.0 999.0 999.0 99.0
77 09 13 03 081 10.1 99.0 99.00 99.00 99.00 999 1020.3  27.0 999.0 999.0 99.0
77 09 13 06 097 07.8 99.0 99.00 99.00 99.00 999 1019.7  27.0 999.0 999.0 99.0
77 09 13 09 098 07.5 99.0 99.00 99.00 99.00 999 1018.3  26.8 999.0 999.0 99.0
77 09 13 12 119 03.1 99.0 99.00 99.00 99.00 999 1019.0  27.8 999.0 999.0 99.0
77 09 13 15 095 04.9 99.0 99.00 99.00 99.00 999 1020.3  28.1 999.0 999.0 99.0
77 09 13 18 093 06.5 99.0 99.00 99.00 99.00 999 1019.4  27.3 999.0 999.0 99.0
77 09 13 21 110 05.4 99.0 99.00 99.00 99.00 999 1017.8  26.9 999.0 999.0 99.0
77 09 14 00 118 05.9 99.0 99.00 99.00 99.00 999 1017.5  27.2 999.0 999.0 99.0
77 09 14 03 136 04.2 99.0 99.00 99.00 99.00 999 1017.6  27.6 999.0 999.0 99.0
77 09 14 06 139 03.0 99.0 99.00 99.00 99.00 999 1017.4  27.0 999.0 999.0 99.0
77 09 14 12 153 04.7 99.0 99.00 99.00 99.00 999 1017.1  27.9 999.0 999.0 99.0
77 09 14 15 187 03.0 99.0 99.00 99.00 99.00 999 1018.7  28.6 999.0 999.0 99.0
77 09 14 18 229 01.9 99.0 99.00 99.00 99.00 999 1018.4  28.1 999.0 999.0 99.0
77 09 14 21 010 01.1 99.0 99.00 99.00 99.00 999 1017.6  28.7 999.0 999.0 99.0
77 09 15 00 116 03.9 99.0 99.00 99.00 99.00 999 1017.4  28.3 999.0 999.0 99.0
77 09 15 03 144 04.9 99.0 99.00 99.00 99.00 999 1019.0  28.4 999.0 999.0 99.0
77 09 15 06 145 02.5 99.0 99.00 99.00 99.00 999 1019.6  27.4 999.0 999.0 99.0
77 09 15 09 179 05.9 99.0 99.00 99.00 99.00 999 1019.4  26.3 999.0 999.0 99.0
77 09 15 12 123 01.3 99.0 99.00 99.00 99.00 999 1020.9  28.3 999.0 999.0 99.0
77 09 15 15 123 02.5 99.0 99.00 99.00 99.00 999 1022.4  28.5 999.0 999.0 99.0
77 09 15 18 129 03.3 99.0 99.00 99.00 99.00 999 1021.7  28.1 999.0 999.0 99.0
77 09 15 21 135 02.6 99.0 99.00 99.00 99.00 999 1020.9  28.5 999.0 999.0 99.0
77 09 16 00 134 03.2 99.0 99.00 99.00 99.00 999 1021.3  29.1 999.0 999.0 99.0
77 09 16 03 127 02.9 99.0 99.00 99.00 99.00 999 1022.9  28.8 999.0 999.0 99.0
77 09 16 06 126 03.2 99.0 99.00 99.00 99.00 999 1023.1  27.5 999.0 999.0 99.0
77 09 16 09 133 04.9 99.0 99.00 99.00 99.00 999 1022.4  28.3 999.0 999.0 99.0
77 09 16 12 128 05.9 99.0 99.00 99.00 99.00 999 1023.2  27.6 999.0 999.0 99.0
77 09 16 15 117 02.3 99.0 99.00 99.00 99.00 999 1024.3  28.1 999.0 999.0 99.0
77 09 16 18 116 04.9 99.0 99.00 99.00 99.00 999 1023.6  28.3 999.0 999.0 99.0
77 09 16 21 116 02.2 99.0 99.00 99.00 99.00 999 1022.0  27.9 999.0 999.0 99.0
77 09 17 00 108 05.3 99.0 99.00 99.00 99.00 999 1022.1  27.8 999.0 999.0 99.0
77 09 17 03 132 04.9 99.0 99.00 99.00 99.00 999 1022.8  27.5 999.0 999.0 99.0
77 09 17 06 139 03.3 99.0 99.00 99.00 99.00 999 1022.2  26.5 999.0 999.0 99.0
77 09 17 09 143 02.3 99.0 99.00 99.00 99.00 999 1021.1  27.3 999.0 999.0 99.0
77 09 17 12 147 07.7 99.0 99.00 99.00 99.00 999 1021.7  25.5 999.0 999.0 99.0
77 09 17 15 161 03.7 99.0 99.00 99.00 99.00 999 1022.3  26.8 999.0 999.0 99.0
77 09 17 18 172 02.1 99.0 99.00 99.00 99.00 999 1021.5  26.0 999.0 999.0 99.0
77 09 17 21 173 02.1 99.0 99.00 99.00 99.00 999 1019.8  26.3 999.0 999.0 99.0
77 09 18 00 073 02.1 99.0 99.00 99.00 99.00 999 1020.0  26.5 999.0 999.0 99.0
77 09 18 03 234 01.5 99.0 99.00 99.00 99.00 999 1020.2  26.8 999.0 999.0 99.0
77 09 18 06 274 00.3 99.0 99.00 99.00 99.00 999 1018.9  26.2 999.0 999.0 99.0
77 09 18 09 168 01.3 99.0 99.00 99.00 99.00 999 1017.7  27.4 999.0 999.0 99.0
77 09 18 12 175 02.8 99.0 99.00 99.00 99.00 999 1018.5  27.0 999.0 999.0 99.0
77 09 18 15 185 03.3 99.0 99.00 99.00 99.00 999 1019.0  26.5 999.0 999.0 99.0
77 09 18 18 159 00.6 99.0 99.00 99.00 99.00 999 1018.0  27.6 999.0 999.0 99.0
77 09 18 21 145 01.9 99.0 99.00 99.00 99.00 999 1016.6  27.1 999.0 999.0 99.0
77 09 19 00 114 01.1 99.0 99.00 99.00 99.00 999 1016.8  28.1 999.0 999.0 99.0
77 09 19 03 196 01.9 99.0 99.00 99.00 99.00 999 1017.3  27.0 999.0 999.0 99.0
77 09 19 06 329 04.2 99.0 99.00 99.00 99.00 999 1016.2  24.7 999.0 999.0 99.0
77 09 19 09 051 01.3 99.0 99.00 99.00 99.00 999 1014.6  26.0 999.0 999.0 99.0
77 09 19 12 227 00.9 99.0 99.00 99.00 99.00 999 1016.1  27.0 999.0 999.0 99.0
77 09 19 15 209 02.1 99.0 99.00 99.00 99.00 999 1016.5  27.0 999.0 999.0 99.0
77 09 19 18 176 05.5 99.0 99.00 99.00 99.00 999 1016.1  25.2 999.0 999.0 99.0
77 09 19 21 121 05.0 99.0 99.00 99.00 99.00 999 1014.3  25.0 999.0 999.0 99.0
77 09 20 00 170 02.8 99.0 99.00 99.00 99.00 999 1014.5  26.0 999.0 999.0 99.0
77 09 20 03 195 06.4 99.0 99.00 99.00 99.00 999 1015.5  26.3 999.0 999.0 99.0
77 09 20 06 196 07.0 99.0 99.00 99.00 99.00 999 1013.8  26.1 999.0 999.0 99.0
77 09 20 09 215 06.6 99.0 99.00 99.00 99.00 999 1014.1  26.4 999.0 999.0 99.0
77 09 20 12 250 06.3 99.0 99.00 99.00 99.00 999 1015.5  27.0 999.0 999.0 99.0
77 09 20 15 269 02.8 99.0 99.00 99.00 99.00 999 1016.0  27.2 999.0 999.0 99.0
77 09 20 18 256 02.0 99.0 99.00 99.00 99.00 999 1015.1  27.4 999.0 999.0 99.0
77 09 20 21 221 01.5 99.0 99.00 99.00 99.00 999 1014.4  27.7 999.0 999.0 99.0
77 09 21 00 164 03.0 99.0 99.00 99.00 99.00 999 1015.3  27.0 999.0 999.0 99.0
77 09 21 03 181 03.4 99.0 99.00 99.00 99.00 999 1015.8  28.0 999.0 999.0 99.0
77 09 21 06 201 07.1 99.0 99.00 99.00 99.00 999 1014.7  27.1 999.0 999.0 99.0
77 09 21 09 230 07.0 99.0 99.00 99.00 99.00 999 1014.8  27.3 999.0 999.0 99.0
77 09 21 12 251 05.4 99.0 99.00 99.00 99.00 999 1016.2  27.0 999.0 999.0 99.0
77 09 21 15 284 03.0 99.0 99.00 99.00 99.00 999 1017.5  27.4 999.0 999.0 99.0
77 09 21 18 296 01.0 99.0 99.00 99.00 99.00 999 1016.4  28.7 999.0 999.0 99.0
77 09 21 21 157 03.3 99.0 99.00 99.00 99.00 999 1015.0  27.7 999.0 999.0 99.0
77 09 22 00 178 06.1 99.0 99.00 99.00 99.00 999 1015.5  27.0 999.0 999.0 99.0
77 09 22 03 205 06.2 99.0 99.00 99.00 99.00 999 1016.6  27.5 999.0 999.0 99.0
77 09 22 06 210 05.9 99.0 99.00 99.00 99.00 999 1015.8  26.8 999.0 999.0 99.0
77 09 22 09 249 04.4 99.0 99.00 99.00 99.00 999 1015.4  26.1 999.0 999.0 99.0
77 09 22 12 236 03.2 99.0 99.00 99.00 99.00 999 1017.0  27.0 999.0 999.0 99.0
77 09 22 15 268 03.1 99.0 99.00 99.00 99.00 999 1017.5  27.4 999.0 999.0 99.0
77 09 22 18 239 00.9 99.0 99.00 99.00 99.00 999 1016.6  27.2 999.0 999.0 99.0
77 09 22 21 229 01.2 99.0 99.00 99.00 99.00 999 1015.4  26.5 999.0 999.0 99.0
77 09 23 00 132 00.3 99.0 99.00 99.00 99.00 999 1015.5  27.0 999.0 999.0 99.0
77 09 23 03 272 01.3 99.0 99.00 99.00 99.00 999 1016.6  26.8 999.0 999.0 99.0
77 09 23 06 247 01.3 99.0 99.00 99.00 99.00 999 1015.6  26.5 999.0 999.0 99.0
77 09 23 12 339 00.8 99.0 99.00 99.00 99.00 999 1016.1  27.7 999.0 999.0 99.0
77 09 23 15 053 02.5 99.0 99.00 99.00 99.00 999 1017.3  27.5 999.0 999.0 99.0
77 09 23 18 069 03.6 99.0 99.00 99.00 99.00 999 1016.2  27.9 999.0 999.0 99.0
77 09 23 21 070 08.7 99.0 99.00 99.00 99.00 999 1015.5  26.6 999.0 999.0 99.0
77 09 24 00 029 04.6 99.0 99.00 99.00 99.00 999 1016.1  27.5 999.0 999.0 99.0
77 09 24 03 043 06.9 99.0 99.00 99.00 99.00 999 1017.2  26.9 999.0 999.0 99.0
77 09 24 06 059 05.4 99.0 99.00 99.00 99.00 999 1016.2  26.5 999.0 999.0 99.0
77 09 24 12 084 01.8 99.0 99.00 99.00 99.00 999 1015.9  27.5 999.0 999.0 99.0
77 09 24 15 343 01.5 99.0 99.00 99.00 99.00 999 1017.5  26.9 999.0 999.0 99.0
77 09 24 18 330 01.6 99.0 99.00 99.00 99.00 999 1016.0  27.3 999.0 999.0 99.0
77 09 24 21 138 01.1 99.0 99.00 99.00 99.00 999 1014.6  27.9 999.0 999.0 99.0
77 09 25 00 045 01.7 99.0 99.00 99.00 99.00 999 1014.7  26.8 999.0 999.0 99.0
77 09 25 03 061 02.9 99.0 99.00 99.00 99.00 999 1015.6  27.1 999.0 999.0 99.0
77 09 25 06 134 03.6 99.0 99.00 99.00 99.00 999 1015.0  26.8 999.0 999.0 99.0
77 09 25 09 179 04.0 99.0 99.00 99.00 99.00 999 1014.2  27.3 999.0 999.0 99.0
77 09 25 12 169 01.6 99.0 99.00 99.00 99.00 999 1015.6  26.4 999.0 999.0 99.0
77 09 25 15 204 01.3 99.0 99.00 99.00 99.00 999 1016.1  27.1 999.0 999.0 99.0
77 09 25 18 277 00.2 99.0 99.00 99.00 99.00 999 1015.2  28.7 999.0 999.0 99.0
77 09 25 21 334 00.4 99.0 99.00 99.00 99.00 999 1013.6  27.8 999.0 999.0 99.0
77 09 26 00 120 03.7 99.0 99.00 99.00 99.00 999 1013.7  27.3 999.0 999.0 99.0
77 09 26 03 138 05.4 99.0 99.00 99.00 99.00 999 1015.0  27.7 999.0 999.0 99.0
77 09 26 06 167 04.4 99.0 99.00 99.00 99.00 999 1014.2  27.4 999.0 999.0 99.0
77 09 26 09 191 05.4 99.0 99.00 99.00 99.00 999 1013.2  27.4 999.0 999.0 99.0
77 09 26 12 221 03.3 99.0 99.00 99.00 99.00 999 1014.2  26.6 999.0 999.0 99.0
77 09 26 15 285 01.0 99.0 99.00 99.00 99.00 999 1015.5  25.6 999.0 999.0 99.0
77 09 26 18 270 02.3 99.0 99.00 99.00 99.00 999 1014.7  26.8 999.0 999.0 99.0
77 09 26 21 207 00.3 99.0 99.00 99.00 99.00 999 1012.8  28.5 999.0 999.0 99.0
77 09 27 00 155 04.7 99.0 99.00 99.00 99.00 999 1013.8  27.5 999.0 999.0 99.0
77 09 27 03 184 07.7 99.0 99.00 99.00 99.00 999 1015.1  28.8 999.0 999.0 99.0
77 09 27 06 230 07.5 99.0 99.00 99.00 99.00 999 1014.2  26.6 999.0 999.0 99.0
77 09 27 09 270 05.0 99.0 99.00 99.00 99.00 999 9999.0  25.7 999.0 999.0 99.0
77 09 27 12 244 04.5 99.0 99.00 99.00 99.00 999 1014.8  26.0 999.0 999.0 99.0
77 09 27 15 239 03.6 99.0 99.00 99.00 99.00 999 1015.4  26.0 999.0 999.0 99.0
77 09 27 18 234 03.2 99.0 99.00 99.00 99.00 999 1014.2  26.4 999.0 999.0 99.0
77 09 27 21 218 02.8 99.0 99.00 99.00 99.00 999 1013.5  27.3 999.0 999.0 99.0
77 09 28 00 191 06.4 99.0 99.00 99.00 99.00 999 1013.3  26.9 999.0 999.0 99.0
77 09 28 03 205 08.5 99.0 99.00 99.00 99.00 999 1013.3  27.1 999.0 999.0 99.0
77 09 28 06 259 07.1 99.0 99.00 99.00 99.00 999 1012.9  27.8 999.0 999.0 99.0
77 09 28 12 309 08.0 99.0 99.00 99.00 99.00 999 1013.0  26.5 999.0 999.0 99.0
77 09 28 15 296 05.7 99.0 99.00 99.00 99.00 999 1014.0  25.5 999.0 999.0 99.0
77 09 28 18 298 05.7 99.0 99.00 99.00 99.00 999 1013.4  26.0 999.0 999.0 99.0
77 09 28 21 298 04.4 99.0 99.00 99.00 99.00 999 1012.1  26.5 999.0 999.0 99.0
77 09 29 00 022 04.4 99.0 99.00 99.00 99.00 999 1012.2  25.6 999.0 999.0 99.0
77 09 29 03 102 01.8 99.0 99.00 99.00 99.00 999 1013.9  26.6 999.0 999.0 99.0
77 09 29 06 123 01.6 99.0 99.00 99.00 99.00 999 1013.7  26.5 999.0 999.0 99.0
77 09 29 15 012 01.6 99.0 99.00 99.00 99.00 999 1015.7  27.8 999.0 999.0 99.0
77 09 29 18 014 02.4 99.0 99.00 99.00 99.00 999 1015.2  26.8 999.0 999.0 99.0
77 09 29 21 355 02.4 99.0 99.00 99.00 99.00 999 1014.6  26.3 999.0 999.0 99.0
77 09 30 00 359 02.6 99.0 99.00 99.00 99.00 999 1015.1  26.0 999.0 999.0 99.0
77 09 30 03 047 01.7 99.0 99.00 99.00 99.00 999 1015.9  26.1 999.0 999.0 99.0
77 09 30 09 184 04.1 99.0 99.00 99.00 99.00 999 1014.4  27.0 999.0 999.0 99.0
77 09 30 12 202 03.2 99.0 99.00 99.00 99.00 999 1015.8  27.3 999.0 999.0 99.0
77 09 30 15 195 01.1 99.0 99.00 99.00 99.00 999 1017.3  23.5 999.0 999.0 99.0
77 09 30 18 199 01.4 99.0 99.00 99.00 99.00 999 1015.8  24.9 999.0 999.0 99.0
77 09 30 21 261 00.7 99.0 99.00 99.00 99.00 999 1015.6  26.9 999.0 999.0 99.0
77 10 01 03 192 02.3 99.0 99.00 99.00 99.00 999 1016.4  27.5 999.0 999.0 99.0
77 10 01 06 188 03.6 99.0 99.00 99.00 99.00 999 1015.9  27.1 999.0 999.0 99.0
77 10 01 09 217 04.3 99.0 99.00 99.00 99.00 999 1015.9  27.3 999.0 999.0 99.0
77 10 01 12 260 05.1 99.0 99.00 99.00 99.00 999 1016.8  26.8 999.0 999.0 99.0
77 10 01 18 242 02.0 99.0 99.00 99.00 99.00 999 1016.9  27.1 999.0 999.0 99.0
77 10 01 21 204 03.4 99.0 99.00 99.00 99.00 999 1016.3  27.1 999.0 999.0 99.0
77 10 02 00 171 06.3 99.0 99.00 99.00 99.00 999 1016.7  27.7 999.0 999.0 99.0
77 10 02 03 185 07.5 99.0 99.00 99.00 99.00 999 1017.1 999.0 999.0 999.0 99.0
77 10 02 09 999 99.0 99.0 99.00 99.00 99.00 999 1015.8  27.0 999.0 999.0 99.0
77 10 02 12 267 06.4 99.0 99.00 99.00 99.00 999 1017.4  26.7 999.0 999.0 99.0
77 10 02 15 265 06.0 99.0 99.00 99.00 99.00 999 1018.2  27.1 999.0 999.0 99.0
77 10 02 18 234 05.7 99.0 99.00 99.00 99.00 999 1016.5  26.9 999.0 999.0 99.0
77 10 02 21 212 06.7 99.0 99.00 99.00 99.00 999 1014.9  27.5 999.0 999.0 99.0
77 10 03 00 201 08.1 99.0 99.00 99.00 99.00 999 1014.2  28.0 999.0 999.0 99.0
77 10 03 03 227 09.3 99.0 99.00 99.00 99.00 999 1014.9  28.0 999.0 999.0 99.0
77 10 03 09 295 09.3 99.0 99.00 99.00 99.00 999 1012.0  27.1 999.0 999.0 99.0
77 10 03 12 330 11.8 99.0 99.00 99.00 99.00 999 1013.8  24.5 999.0 999.0 99.0
77 10 03 15 339 10.8 99.0 99.00 99.00 99.00 999 1015.2  23.4 999.0 999.0 99.0
77 10 03 18 004 11.3 99.0 99.00 99.00 99.00 999 1015.8  22.6 999.0 999.0 99.0
77 10 03 21 358 09.4 99.0 99.00 99.00 99.00 999 1015.6  22.1 999.0 999.0 99.0
77 10 04 00 014 08.4 99.0 99.00 99.00 99.00 999 1017.2  21.2 999.0 999.0 99.0
77 10 04 03 010 06.9 99.0 99.00 99.00 99.00 999 1018.1  22.1 999.0 999.0 99.0
77 10 04 06 011 09.1 99.0 99.00 99.00 99.00 999 1017.8  22.4 999.0 999.0 99.0
77 10 04 09 008 08.4 99.0 99.00 99.00 99.00 999 1017.7  22.1 999.0 999.0 99.0
77 10 04 12 029 07.0 99.0 99.00 99.00 99.00 999 1018.9  22.2 999.0 999.0 99.0
77 10 04 15 010 08.9 99.0 99.00 99.00 99.00 999 1020.8  22.4 999.0 999.0 99.0
77 10 04 18 018 07.9 99.0 99.00 99.00 99.00 999 1020.4  21.8 999.0 999.0 99.0
77 10 04 21 358 06.8 99.0 99.00 99.00 99.00 999 1020.3  21.0 999.0 999.0 99.0
77 10 05 00 015 05.2 99.0 99.00 99.00 99.00 999 1021.1  21.4 999.0 999.0 99.0
77 10 05 03 034 06.1 99.0 99.00 99.00 99.00 999 1022.2  21.9 999.0 999.0 99.0
77 10 05 06 062 03.8 99.0 99.00 99.00 99.00 999 1021.9  22.9 999.0 999.0 99.0
77 10 05 09 051 05.3 99.0 99.00 99.00 99.00 999 1021.6  21.6 999.0 999.0 99.0
77 10 05 12 063 05.8 99.0 99.00 99.00 99.00 999 1022.7  22.5 999.0 999.0 99.0
77 10 05 15 030 04.0 99.0 99.00 99.00 99.00 999 1024.0  23.2 999.0 999.0 99.0
77 10 05 18 071 03.3 99.0 99.00 99.00 99.00 999 1023.3  22.6 999.0 999.0 99.0
77 10 05 21 050 02.7 99.0 99.00 99.00 99.00 999 1022.2  23.0 999.0 999.0 99.0
77 10 06 00 054 04.4 99.0 99.00 99.00 99.00 999 1022.8  24.4 999.0 999.0 99.0
77 10 06 03 101 02.6 99.0 99.00 99.00 99.00 999 1023.2  23.4 999.0 999.0 99.0
77 10 06 06 109 01.3 99.0 99.00 99.00 99.00 999 1022.5  24.0 999.0 999.0 99.0
77 10 06 09 076 02.9 99.0 99.00 99.00 99.00 999 1021.8  24.8 999.0 999.0 99.0
77 10 06 18 020 02.2 99.0 99.00 99.00 99.00 999 1022.2  23.9 999.0 999.0 99.0
77 10 06 21 006 06.2 99.0 99.00 99.00 99.00 999 1021.5  24.5 999.0 999.0 99.0
77 10 07 00 015 07.1 99.0 99.00 99.00 99.00 999 1021.6  24.2 999.0 999.0 99.0
77 10 07 03 044 06.1 99.0 99.00 99.00 99.00 999 1021.6  24.6 999.0 999.0 99.0
77 10 07 06 034 05.0 99.0 99.00 99.00 99.00 999 1021.1  24.5 999.0 999.0 99.0
77 10 07 09 030 05.1 99.0 99.00 99.00 99.00 999 1019.4  24.6 999.0 999.0 99.0
77 10 07 12 033 05.3 99.0 99.00 99.00 99.00 999 1020.9  24.8 999.0 999.0 99.0
77 10 07 15 055 06.3 99.0 99.00 99.00 99.00 999 1022.2  25.7 999.0 999.0 99.0
77 10 07 18 047 03.4 99.0 99.00 99.00 99.00 999 1020.6  25.8 999.0 999.0 99.0
77 10 07 21 065 05.3 99.0 99.00 99.00 99.00 999 1019.2  25.3 999.0 999.0 99.0
77 10 08 00 069 05.6 99.0 99.00 99.00 99.00 999 1019.4  25.5 999.0 999.0 99.0
77 10 08 03 087 03.5 99.0 99.00 99.00 99.00 999 1019.7  25.3 999.0 999.0 99.0
77 10 08 06 127 02.6 99.0 99.00 99.00 99.00 999 1018.6  25.0 999.0 999.0 99.0
77 10 08 09 161 02.9 99.0 99.00 99.00 99.00 999 1018.0  25.3 999.0 999.0 99.0
77 10 08 15 126 01.7 99.0 99.00 99.00 99.00 999 1018.9  25.5 999.0 999.0 99.0
77 10 08 18 140 05.4 99.0 99.00 99.00 99.00 999 1016.8  26.2 999.0 999.0 99.0
77 10 08 21 122 04.3 99.0 99.00 99.00 99.00 999 1015.7  26.3 999.0 999.0 99.0
77 10 09 00 224 04.9 99.0 99.00 99.00 99.00 999 1016.1  24.4 999.0 999.0 99.0
77 10 09 03 198 07.0 99.0 99.00 99.00 99.00 999 1016.0  24.1 999.0 999.0 99.0
77 10 09 06 166 06.9 99.0 99.00 99.00 99.00 999 1014.6  25.6 999.0 999.0 99.0
77 10 09 09 187 06.8 99.0 99.00 99.00 99.00 999 1013.5  25.8 999.0 999.0 99.0
77 10 09 12 205 07.7 99.0 99.00 99.00 99.00 999 1013.2  25.8 999.0 999.0 99.0
77 10 09 15 219 09.0 99.0 99.00 99.00 99.00 999 1013.6  25.8 999.0 999.0 99.0
77 10 09 18 223 08.0 99.0 99.00 99.00 99.00 999 1012.0  26.1 999.0 999.0 99.0
77 10 09 21 229 06.5 99.0 99.00 99.00 99.00 999 1010.5  26.7 999.0 999.0 99.0
77 10 10 00 247 06.8 99.0 99.00 99.00 99.00 999 1010.7  27.3 999.0 999.0 99.0
77 10 10 06 281 07.3 99.0 99.00 99.00 99.00 999 1011.9  26.4 999.0 999.0 99.0
77 10 10 12 011 06.3 99.0 99.00 99.00 99.00 999 1013.2  24.6 999.0 999.0 99.0
77 10 10 15 009 03.3 99.0 99.00 99.00 99.00 999 1015.2  25.9 999.0 999.0 99.0
77 10 10 18 008 01.9 99.0 99.00 99.00 99.00 999 1014.5  26.6 999.0 999.0 99.0
77 10 10 21 005 01.5 99.0 99.00 99.00 99.00 999 1014.1  27.4 999.0 999.0 99.0
77 10 11 00 339 02.4 99.0 99.00 99.00 99.00 999 1014.8  26.7 999.0 999.0 99.0
77 10 11 03 078 02.8 99.0 99.00 99.00 99.00 999 1015.8  26.1 999.0 999.0 99.0
77 10 11 06 108 02.1 99.0 99.00 99.00 99.00 999 1014.9  26.8 999.0 999.0 99.0
77 10 11 09 139 02.9 99.0 99.00 99.00 99.00 999 1014.3  26.5 999.0 999.0 99.0
77 10 11 12 094 01.1 99.0 99.00 99.00 99.00 999 1015.8  25.5 999.0 999.0 99.0
77 10 11 18 344 01.6 99.0 99.00 99.00 99.00 999 1015.0  27.5 999.0 999.0 99.0
77 10 11 21 281 00.6 99.0 99.00 99.00 99.00 999 1014.6  28.2 999.0 999.0 99.0
77 10 12 00 335 01.2 99.0 99.00 99.00 99.00 999 1015.0  26.0 999.0 999.0 99.0
77 10 12 03 147 02.4 99.0 99.00 99.00 99.00 999 1016.4  27.0 999.0 999.0 99.0
77 10 12 06 169 04.8 99.0 99.00 99.00 99.00 999 1014.8  27.0 999.0 999.0 99.0
77 10 12 15 254 05.2 99.0 99.00 99.00 99.00 999 1014.5  26.2 999.0 999.0 99.0
77 10 12 18 261 04.6 99.0 99.00 99.00 99.00 999 1013.1  25.7 999.0 999.0 99.0
77 10 12 21 331 07.1 99.0 99.00 99.00 99.00 999 1011.9  25.0 999.0 999.0 99.0
77 10 13 00 327 05.2 99.0 99.00 99.00 99.00 999 1012.2  23.5 999.0 999.0 99.0
77 10 13 03 330 08.3 99.0 99.00 99.00 99.00 999 1012.8  22.5 999.0 999.0 99.0
77 10 13 09 313 11.3 99.0 99.00 99.00 99.00 999 1010.9  21.7 999.0 999.0 99.0
77 10 13 12 323 11.2 99.0 99.00 99.00 99.00 999 1012.4  20.1 999.0 999.0 99.0
77 10 13 15 331 09.6 99.0 99.00 99.00 99.00 999 1013.5  20.4 999.0 999.0 99.0
77 10 13 18 327 09.2 99.0 99.00 99.00 99.00 999 1013.1  20.1 999.0 999.0 99.0
77 10 13 21 331 10.0 99.0 99.00 99.00 99.00 999 1013.5  18.4 999.0 999.0 99.0
77 10 14 00 323 09.7 99.0 99.00 99.00 99.00 999 1015.0  18.1 999.0 999.0 99.0
77 10 14 03 333 09.3 99.0 99.00 99.00 99.00 999 1016.0  17.4 999.0 999.0 99.0
77 10 14 06 323 08.6 99.0 99.00 99.00 99.00 999 1015.3  16.3 999.0 999.0 99.0
77 10 14 09 320 09.0 99.0 99.00 99.00 99.00 999 1015.4  15.9 999.0 999.0 99.0
77 10 14 12 320 07.9 99.0 99.00 99.00 99.00 999 1016.7  15.7 999.0 999.0 99.0
77 10 14 15 303 08.9 99.0 99.00 99.00 99.00 999 1018.4  16.4 999.0 999.0 99.0
77 10 14 18 304 08.1 99.0 99.00 99.00 99.00 999 1017.9  15.9 999.0 999.0 99.0
77 10 14 21 999 99.0 99.0 99.00 99.00 99.00 999 9999.0  16.5 999.0 999.0 99.0
77 10 15 00 302 05.1 99.0 99.00 99.00 99.00 999 1018.3  17.4 999.0 999.0 99.0
77 10 15 03 279 03.1 99.0 99.00 99.00 99.00 999 1019.6  17.7 999.0 999.0 99.0
77 10 15 06 261 04.6 99.0 99.00 99.00 99.00 999 1020.0  18.5 999.0 999.0 99.0
77 10 15 09 243 03.2 99.0 99.00 99.00 99.00 999 1020.3  18.0 999.0 999.0 99.0
77 10 15 12 272 03.5 99.0 99.00 99.00 99.00 999 1021.1  18.7 999.0 999.0 99.0
77 10 15 15 248 04.0 99.0 99.00 99.00 99.00 999 1022.0  19.9 999.0 999.0 99.0
77 10 15 18 250 04.8 99.0 99.00 99.00 99.00 999 1020.3  19.3 999.0 999.0 99.0
77 10 16 00 219 04.7 99.0 99.00 99.00 99.00 999 1019.3  20.1 999.0 999.0 99.0
77 10 16 03 229 05.2 99.0 99.00 99.00 99.00 999 1019.2  20.9 999.0 999.0 99.0
77 10 16 06 232 07.3 99.0 99.00 99.00 99.00 999 1018.1  22.0 999.0 999.0 99.0
77 10 16 09 243 08.1 99.0 99.00 99.00 99.00 999 1017.0  21.3 999.0 999.0 99.0
